0.000000
1.177076
2.083799
2.077520
-0.293761
-0.141916
0.476011
-0.226343
-0.966315
0.700796
-1.328152
0.704153
0.739639
0.676338
2.264569
0.918347
-0.529674
-0.433333
1.794047
-0.994197
0.212248
2.163544
-0.543782
-1.747040
0.682941
0.275130
-1.267306
-0.663245
-0.832470
-1.188664
-1.186906
1.307590
0.051191
-0.254687
-0.726324
-2.770545
-1.929790
1.484212
1.836371
0.351857
-0.212962
-0.119063
-0.821333
-0.520291
-0.283283
0.499335
1.286264
-0.760562
0.676784
0.229434
0.914826
-0.987539
-1.250082
-2.352805
-1.721786
-2.285944
-2.605518
-0.291922
-0.349365
-0.753262
1.015458
0.145838
-0.603980
-1.023356
-0.699665
0.361470
-0.171660
-0.500186
-1.153381
-0.391381
-0.535986
2.271604
0.819926
-1.334881
0.971813
0.507746
1.389960
0.675817
-1.811499
0.193848
-0.684352
1.329251
0.652722
-0.288938
1.423594
2.083567
-0.539505
-0.512897
-0.066155
-0.706268
-1.778725
-1.973158
-0.814859
-0.633879
-0.522053
1.308164
1.391030
0.350771
-0.295947
0.382689
0.717244
0.971499
1.201282
1.265920
-1.417554
-0.596925
-0.947708
-1.611733
0.351931
1.214180
0.695982
0.505255
2.416536
1.225955
1.685627
1.468578
0.071806
-0.163319
0.135722
0.320247
1.215047
0.853405
2.660214
1.566473
2.316727
0.908857
2.008696
2.656113
2.269544
3.853527
2.623660
0.483115
0.301405
-1.211867
-1.865301
-3.997274
-2.719520
-2.753874
-3.778169
-3.676371
-3.658082
-3.310661
-3.221902
-3.313734
-2.515882
-3.298981
-1.745418
-2.398288
-1.379340
-2.121622
-2.446974
-2.375726
0.826198
-1.198446
-0.805598
-1.177709
0.354518
-0.445122
-1.088785
0.894762
-0.739158
-1.647696
-3.258464
-3.989220
-3.852799
-2.708635
-1.621643
-0.760172
-2.512313
-3.066932
-1.735820
-2.205245
-1.697344
-1.712540
-0.851502
-0.430848
0.273983
1.687389
0.512143
1.203488
0.175539
-0.836144
-2.276727
-2.108492
-0.812651
-0.536539
-1.318472
-2.277055
-2.840189
-0.868797
-1.500508
-2.905869
-1.788717
1.040712
0.513878
1.660366
1.255242
1.644935
1.214680
1.226039
-1.138664
0.081999
-0.645466
3.129955
0.320023
0.737603
-0.903585
0.293175
0.000119
-0.560046
1.440912
-0.117555
-1.188778
-0.505149
-0.329734
-0.154836
-0.713940
0.702079
0.538577
0.192708
0.955478
-2.415719
-0.689783
-0.445761
-1.041735
1.184721
1.530343
0.969470
-1.789581
-1.867837
-0.186206
0.794957
-0.098712
-0.377326
-0.514922
1.731095
-0.836434
-0.374394
-0.847400
-1.616172
0.374883
0.357736
0.506910
-1.093578
0.355811
0.375198
1.039246
0.507976
0.678235
0.411459
-1.486735
-0.686139
1.439451
1.712558
0.103879
1.226484
-1.127096
-0.463829
1.282986
-0.995200
-0.996106
0.131231
-0.757379
1.759744
-0.310436
-1.007665
1.899489
-0.154343
0.526257
0.925958
0.175670
1.459908
-0.764273
0.275876
0.704048
0.097761
0.519604
1.305068
-0.741232
0.704161
0.067220
-0.026519
1.041771
-0.263706
1.248817
-0.281366
0.117136
-2.015098
0.513488
-0.626063
-2.824137
3.237141
-0.167563
1.001071
-0.448065
1.664070
-0.015984
0.058754
-0.764224
0.183084
0.173488
1.409051
1.860929
1.587206
0.887111
0.471312
0.204266
1.144172
1.244836
1.612376
2.162204
0.896450
2.030347
3.311140
3.438393
4.855981
5.774896
3.539410
2.420898
0.203761
1.191185
1.490966
1.516765
2.204019
0.730036
-0.440256
0.179454
-1.182326
0.311888
1.308500
0.184089
-0.255671
-0.590833
-1.706452
-1.058492
-0.635900
1.546601
2.717626
3.077245
2.459564
3.046840
2.774801
2.577824
1.532578
2.255875
1.734780
1.839331
1.393380
2.217710
2.356895
0.582778
1.355367
1.073175
1.335297
2.076775
2.043221
2.537213
2.143011
3.357025
1.884009
-0.008406
-0.647441
0.154945
0.117350
1.608351
1.525877
1.449275
1.239794
0.769248
-1.547156
-2.860232
-2.630114
-2.849320
-2.247282
-1.451535
-1.398189
-1.346506
-2.229766
-0.268038
0.427122
0.324023
0.141569
-0.021695
1.567960
0.503475
1.692118
1.639650
2.001743
2.985190
2.731541
0.546338
-0.052747
-0.825104
-0.418384
-1.487722
-0.483524
-0.513766
-0.355507
0.165123
0.346484
-0.739613
-1.530812
-1.317585
-2.497068
-0.788359
0.048461
0.927921
0.464344
0.611913
0.705109
0.822562
-1.213552
0.572694
0.071836
-0.676834
0.662328
1.002600
0.462800
0.214216
-0.367189
-1.532046
-2.072610
0.100197
-1.652886
-0.079173
0.058502
0.279199
1.186278
2.562963
-0.904651
0.628996
0.388060
-0.932321
-0.079973
1.247010
0.135094
0.073122
-1.052345
-0.640899
-0.648881
-1.296922
1.167548
0.165468
0.681593
-0.155571
0.584142
-0.283992
0.102018
-1.413100
-1.082306
1.619307
-1.706685
-1.817912
-1.127965
0.114428
1.363677
-0.390768
0.463832
0.495684
0.476100
0.170940
0.042740
-0.169849
0.508057
-1.737496
-1.574293
-2.299986
0.469186
1.268081
-0.649837
0.246707
0.100152
0.256642
-1.474818
-0.590783
-1.173396
-0.823544
-0.093198
-0.282437
-0.931166
-0.173084
0.156202
0.548692
0.641592
-0.868753
-0.322625
1.266078
0.647467
-0.063650
0.611399
-0.967887
0.946864
-0.015996
-0.542659
-0.973952
-1.237442
-0.914393
0.698322
-0.501699
-1.686608
-0.820807
-0.271188
-0.057186
0.035104
1.692910
0.309563
-1.093171
-1.079306
-0.942761
1.189868
0.078071
-0.793408
-0.230015
-0.405291
1.664338
3.735648
2.921266
2.661873
2.732239
2.178076
2.143890
2.210913
2.479203
0.238325
1.467052
0.509157
0.458156
1.266605
0.556318
0.589885
-1.032498
-2.619472
-0.887061
-1.895380
-1.570673
-1.021357
-0.799237
0.426405
1.708744
2.071398
3.683122
1.528154
2.864700
2.556971
2.800307
2.482385
2.070046
2.932365
2.139860
-0.639680
-0.546181
-0.057911
-1.824846
-2.587567
-1.561768
-1.435408
-1.994276
-2.712134
-1.618476
-1.298080
-0.777155
-1.135095
-0.965449
-0.907562
-0.641847
-1.511271
-2.449872
-3.669386
-3.491517
-5.045134
-2.983384
-3.319602
-1.467432
-0.563164
-0.064812
-0.848945
-0.989658
1.150059
-0.192729
1.628088
1.177030
1.033966
1.156254
1.178151
2.196246
2.533861
1.291865
0.919872
1.280966
1.757116
1.374322
0.726867
2.844265
2.168413
2.308578
0.414048
2.372281
0.538949
1.107181
3.097900
2.039525
-0.403792
0.286408
-0.901617
0.330425
-0.332383
-1.585306
0.115703
-0.570045
-0.312180
0.150798
0.915403
0.751668
-1.986460
-0.878103
-1.057334
-1.654420
1.314556
1.338065
1.354841
-1.014305
-0.424997
1.168265
0.408394
0.802946
-0.706120
0.933107
0.375710
1.988715
-0.138188
-0.898573
-1.019812
-0.314426
-1.408438
1.106099
-0.431542
1.480567
-1.196973
1.586730
-0.465423
-0.144853
-0.159792
1.266439
-0.168478
0.034646
-0.186510
1.181589
-0.546206
-0.751887
2.683786
-0.940450
0.255754
1.395664
-1.669135
1.458837
0.790955
0.905575
0.573615
0.649312
0.525699
1.742385
-0.390164
-0.013268
-0.798772
1.058148
0.216278
-0.642135
0.064138
-1.827960
0.686396
0.266294
-0.047402
-0.596756
-0.377077
1.854495
0.780526
0.418110
1.142797
-0.706660
0.693556
1.855733
-0.845688
0.138882
0.844107
0.000364
1.136806
1.415410
0.639349
-0.230701
1.313187
0.955015
-0.073222
-0.741036
-0.664197
0.323213
0.585877
1.916802
-0.890471
-0.287888
-1.756382
0.272430
-1.534024
0.932529
-0.363492
-1.337656
0.281104
0.089006
-0.671541
0.005189
0.338256
-1.515001
-3.071378
-2.928263
-2.090870
0.033947
-0.305876
-0.921902
-2.260618
-2.777689
-2.556918
-3.289175
-2.596839
-2.877093
-2.868011
-0.528214
0.392180
0.051896
3.660239
3.540657
4.112972
2.087069
1.388142
3.055008
1.221084
0.908150
1.568222
-0.314823
-1.205090
-0.331072
-0.119728
-1.415435
-0.760520
0.237797
-1.804644
-1.394853
-0.798347
-1.052869
-2.990986
-2.425546
-1.224167
-1.975066
-3.894079
-3.889164
-4.953045
-4.774397
-6.131764
-4.438684
-3.305448
-5.661864
-5.280984
-4.941798
-4.470818
-3.940768
-2.260662
-1.439556
-1.940451
-0.457211
-0.323383
-0.367783
-0.489380
0.278371
0.927002
0.650409
1.490908
1.169400
0.652493
-0.343428
-0.522962
-1.204218
-0.656358
-0.838002
-1.587123
-3.134363
-3.196570
-1.900787
-0.532364
-0.986601
-0.032175
0.329953
0.752547
0.306412
0.247355
-0.291047
-0.230344
-0.441703
0.950876
0.346429
0.644338
0.290362
-0.664060
-0.205035
-0.404368
-0.244226
-1.471576
-0.471713
0.405612
-0.490600
0.628261
-0.705106
-0.024540
-0.587075
0.482513
-0.566661
-0.969879
-0.081512
-0.541684
0.372348
0.316491
-0.957474
-0.951306
-0.484185
-0.918961
-0.332954
-0.239996
-1.898755
0.726764
0.963590
0.740259
0.740977
-0.102989
3.077137
0.301849
-0.946199
-0.568079
-0.335141
0.044869
-0.363966
2.013615
-1.165689
0.732774
-0.643723
0.191097
0.040125
0.327123
0.047163
0.292039
-1.018218
1.039778
0.962717
0.201345
-0.424753
0.520075
0.184315
-0.428240
-0.493190
-2.245923
0.064620
0.440409
0.528220
1.589787
0.327272
-1.067473
-1.515805
-1.438419
-0.225335
0.762394
-1.079858
0.955758
0.199828
-0.602393
-1.943606
-1.345109
-0.371058
-0.541297
-0.587207
-1.578168
-0.256817
-0.980776
0.987139
1.047054
3.203831
1.565670
0.405049
0.397512
-1.517530
-0.014761
-0.667537
0.225247
-0.693386
-0.090293
0.075211
-0.375563
1.205875
1.150761
-1.120225
0.092229
1.016952
-1.400796
-0.607294
0.973973
0.534372
0.281317
2.764585
2.331666
1.846335
1.965819
2.654496
2.352002
2.825823
3.801425
3.510737
3.110515
1.260307
-1.033265
-0.048257
0.774743
1.669576
-0.907367
-0.929185
-0.235155
0.770952
1.189009
1.529212
2.090895
-0.310895
0.204029
0.252799
0.327244
-0.100777
-0.462658
-1.291837
-2.521093
-0.860177
-0.743663
-1.023698
-1.560016
-2.790752
-1.367952
-1.309994
-0.226424
-0.208706
-1.769991
-2.690519
-3.559371
-1.956938
-1.236419
-1.300166
-1.168371
-0.768209
0.074653
-1.837980
-1.637114
-2.948970
-2.979987
-1.995518
-1.303449
-2.179959
-1.976820
-1.499271
-0.729423
0.241454
-0.351208
0.902483
0.784774
0.062742
2.329480
3.042044
2.504472
3.132609
1.405000
2.774897
4.006961
3.891714
3.235911
2.701521
3.371951
3.168508
2.082687
3.435673
3.177225
1.444466
0.201208
-0.687035
-1.763899
-2.144285
0.112050
0.034553
1.692647
0.441728
1.439289
0.705739
2.447192
3.163054
2.377137
2.181170
0.952193
1.360496
2.793778
1.032023
0.681073
0.882700
-0.075481
-2.577809
-0.155751
-0.633551
0.355878
2.395096
-1.149509
-0.241190
2.053828
1.771833
1.981563
-0.766843
0.098391
-0.778214
0.919353
0.605017
-0.849089
-1.864275
-0.184089
0.344666
0.177197
0.907330
0.395560
-1.611909
0.551685
0.975484
-0.852936
1.001890
1.229692
-0.906815
0.497142
-0.266166
-0.285223
-1.147655
-0.756897
-2.077987
1.245084
0.504428
-0.225152
-1.909113
-0.403025
-0.026319
1.257355
0.411484
-1.286194
0.569114
-0.538390
0.031729
-0.642008
-1.187328
0.780307
0.043336
0.675808
-0.566303
-0.312530
-0.118409
-0.859872
0.703061
-1.673408
0.531814
-1.088875
-1.973911
0.191782
-0.398184
0.690306
0.260671
-0.041991
-0.109905
1.518598
-0.208349
-0.872712
0.980867
-0.144424
-0.443459
0.653589
1.019417
-1.265375
-0.269866
-1.035485
-0.221373
-0.011691
0.328462
-2.244967
-2.391712
-0.462570
0.143478
0.892809
1.404039
-0.222912
-0.693513
-2.239339
1.035669
0.903058
0.832442
-0.824149
1.587337
1.542313
-0.242320
0.619245
-0.141188
-2.160517
-2.743587
-2.914669
-3.302850
-2.742473
-3.238938
-1.124714
0.373179
3.240592
2.360471
2.527632
1.003036
1.149697
0.054230
-0.368163
-2.231612
-1.613107
-1.558151
-1.686993
-4.128029
-4.120147
-4.664928
-3.611268
-3.686594
-4.583259
-1.767949
-0.464852
-0.595489
-2.028074
-1.881872
-1.281157
-2.330299
-1.909320
-1.037712
0.574162
1.872584
1.716774
2.745138
3.357028
1.624727
3.184690
3.161822
3.468704
3.279798
3.497384
2.288454
2.581468
3.307902
3.459908
1.900908
1.407250
1.453341
2.685031
1.776675
-0.013692
-0.223899
-2.145916
-1.246814
-0.934640
-1.140761
-0.538681
-1.533372
-1.285537
-0.675752
0.599956
0.182192
0.168675
1.523214
1.587293
1.002686
0.125815
0.334656
0.102690
-0.557224
0.000427
-0.117210
1.797287
1.961219
0.302214
-0.284149
-0.628766
0.528577
0.511724
0.729739
-0.065354
1.339454
0.766714
0.408309
-0.125394
1.944186
2.503088
2.862942
3.901627
4.571864
3.380774
0.863328
-0.345887
0.447776
-1.146902
-0.145499
0.706763
-0.445983
-2.305252
-1.251234
-0.825733
-0.243592
0.540186
0.079755
-0.352882
0.906029
0.609950
-1.087686
-1.393363
0.203059
-0.342691
-2.523562
0.349776
-0.079649
-0.145030
0.134664
0.776404
-0.950650
0.190117
0.790511
1.156057
1.200217
-1.378819
2.258253
0.949407
2.305098
-1.194935
0.440014
0.615661
-1.321034
-0.263256
-1.337301
-0.472717
-0.356288
1.420338
-0.140164
-2.871536
-0.361366
-0.991438
-2.230951
-1.285421
0.755279
1.198622
-0.363152
2.041119
0.426645
-0.503789
0.681100
0.216008
1.376450
-0.667793
-1.413651
-1.411254
0.212536
-1.435697
0.684526
1.831166
-0.216621
-1.152901
-0.504304
1.271522
0.344674
-0.892724
-1.549239
-1.961972
0.303502
1.395370
1.240811
-1.058523
-1.333871
-0.216421
-1.493862
0.494282
0.523619
-0.749257
-1.350172
-1.601836
0.084914
2.548437
2.340160
0.223905
-0.320191
-0.393875
-0.217192
0.387673
-1.427527
0.615585
-0.149938
0.503685
-1.587429
-1.304434
0.726246
0.627187
-0.471135
-1.874792
-0.248318
-1.260146
-1.996231
-1.875260
-1.956612
-0.231915
-0.701942
0.957704
0.400864
-0.298056
-1.032952
-0.475659
0.477960
0.857840
0.646883
0.529392
-0.474639
0.968133
0.761612
1.634785
0.714841
-0.319735
-0.946873
-1.825966
-0.691028
-0.585273
-0.564655
-0.267576
-1.548513
0.137344
0.179097
-0.894734
-0.587527
1.195419
2.197444
2.304821
2.635314
1.237849
0.540512
0.036938
1.350763
1.465900
1.122122
-0.814425
0.046614
-1.081705
0.276482
-1.041826
-1.041904
0.473166
-0.030543
-1.576371
-2.157314
-1.607085
-1.464023
-0.119721
-1.184400
-0.745208
-0.462813
-1.566267
-2.360426
-3.326059
-1.962352
0.217493
1.837111
2.214940
1.661320
1.177720
-0.793615
0.037476
-0.018644
0.673711
-0.513325
0.359853
1.253552
1.218266
-0.018492
-2.046019
-1.725519
-1.471617
-0.927089
-0.673099
-0.980053
-1.044730
-2.165512
-2.180634
-1.203900
0.055678
-0.242749
1.711723
2.302888
2.485422
1.472813
1.389552
1.032938
-0.406066
-1.031063
-1.064456
0.806822
-0.913840
0.446658
0.807207
-0.203865
1.831222
0.308543
0.967987
-1.066829
-0.281140
-0.251297
0.635703
-1.790459
-0.687163
1.534427
-1.132033
0.507839
-1.785066
-0.425422
0.630178
-1.597800
0.314803
-2.063324
-0.639837
-0.537884
1.157986
-1.025561
-0.734705
-0.730927
-0.658785
-2.477356
-0.368771
-0.269814
-0.831773
-0.137337
-0.139732
0.176643
-0.141958
-0.139067
-1.681425
-0.805435
0.183923
1.377284
-0.576277
-0.419639
-2.078947
-1.813476
0.523111
0.395100
-1.091896
-0.698985
-0.882843
1.025206
0.258013
1.471308
-0.129132
-0.105870
-2.506846
2.258477
-0.924345
-0.464199
1.035392
1.919660
-1.319363
0.336896
0.345594
1.278634
0.900020
0.338949
1.176867
1.170641
1.608773
-1.746436
0.953064
-0.033838
-0.747579
1.194530
0.529937
1.548815
-0.105212
-0.536108
-1.925370
-1.039870
0.398216
-0.755491
0.425626
0.525831
-0.512657
0.425242
1.663456
1.794267
1.102753
0.566730
0.952179
0.211773
-0.223286
0.761809
0.571656
2.883032
0.808936
-0.511100
-0.896746
-0.814221
-3.608563
-1.633772
-0.682317
-1.199703
-3.580223
-4.587736
-3.715417
-5.080665
-6.504719
-6.071708
-5.329731
-4.640795
-4.419257
-3.560128
-0.955741
0.103279
-0.533852
-1.629544
-2.978326
-1.391943
-2.398102
-0.005460
2.467886
1.535476
2.713626
3.714479
2.899126
2.921917
3.096598
2.154749
0.636120
1.004572
-0.060790
-0.576464
0.785303
1.501071
3.082391
4.510532
4.912218
4.753185
3.882087
6.059775
4.300932
3.203912
3.471854
1.489395
0.985287
-0.420900
-0.769942
-0.901724
-1.034132
-0.448111
-0.575171
-0.560116
1.471935
2.769208
-0.086940
-1.883595
-2.774134
-1.660986
-2.099268
-1.599006
-1.278255
-1.337601
-1.380822
-1.241507
-2.299126
-1.054628
-0.714637
0.262431
0.624170
1.619863
1.762482
2.495493
1.403855
1.048484
-0.004455
-0.321446
-0.212161
-0.923434
0.423249
-1.209374
1.034704
0.195621
0.148389
-0.296795
-0.438182
-0.352794
-1.124874
-0.238053
-0.494387
-0.998425
0.145764
0.223878
-0.180267
1.561653
0.368248
-0.055882
1.500785
0.101988
0.364234
0.465082
0.836554
0.009275
0.484722
0.427941
0.988746
-0.577749
-0.745932
-3.304777
-1.996879
0.290516
-1.933747
-0.642738
0.059937
0.621837
-0.662151
1.088025
1.071690
1.018460
-0.001909
-1.537607
0.639816
0.815883
-0.045123
0.218759
-0.532906
-0.679169
0.403539
1.335795
1.902405
0.764386
0.484430
-1.087875
1.018497
0.274961
0.670568
-0.043873
-1.364751
-0.270621
0.840463
0.046234
0.741676
1.381465
0.386195
0.885971
-0.302777
0.913705
0.536168
0.197589
0.729259
-0.849178
-1.369294
0.076830
-0.334817
0.109998
1.152205
0.095941
0.598470
0.160406
0.816146
0.353852
0.055463
0.763935
1.899720
-0.071698
1.031327
-0.177449
0.388553
-0.339728
-0.802719
0.113024
-0.262492
-0.390347
-0.035476
-0.758271
-0.825134
-1.257754
0.000739
-2.269493
-1.807529
-1.929168
0.415740
0.460235
2.347745
0.681150
-1.429582
0.797838
1.613519
1.518395
0.613993
0.543610
-0.503838
-1.358702
-1.598541
-4.107196
-3.403355
-2.080482
-2.603759
-3.361648
-1.841278
-1.788405
-1.457274
-1.480183
-1.593169
-2.360894
-1.930242
-1.229765
-0.495210
-0.667016
-0.495760
0.416349
2.289329
2.672146
1.530009
3.666567
3.969350
4.536470
5.478524
6.859820
6.425346
4.919516
3.106269
2.398001
2.206553
2.491664
3.405544
3.649117
1.778853
2.110659
1.312081
1.113057
0.924856
3.197585
1.182965
-0.510665
-0.409856
-0.919647
0.763788
0.769559
-0.109001
-0.857506
-1.931938
-1.142491
-1.113857
-0.836775
0.091821
-1.877415
0.192641
-0.049500
-0.420007
0.079755
-0.584937
-1.088827
-1.100190
-1.071599
0.189054
-0.263201
1.739362
0.178344
-0.650577
-0.466535
-1.493301
-0.806171
-3.271149
-2.753023
0.091458
0.347373
-0.954072
-0.120272
-1.666581
-0.250345
0.247192
-0.415165
0.576732
1.523116
-1.065854
-1.907503
-2.994903
-4.037741
-2.040444
-2.433532
-3.382079
-3.752918
-4.760380
-4.413652
-4.324041
0.982967
2.428528
-0.249118
2.397373
0.601812
0.237525
-0.668655
-1.270484
1.536534
0.733749
1.065086
-1.806171
-0.621506
-0.310082
0.425790
0.630857
-0.017550
0.486558
-2.253706
0.219168
1.034841
-1.864119
-0.239126
-1.268981
0.355634
1.949719
-0.262713
-0.337709
1.045800
1.071768
0.727257
-0.107710
-1.231496
1.132881
-1.076482
-0.879439
-0.303957
-0.282217
-0.600431
0.466763
-0.154369
0.597787
-0.473580
0.194016
0.426835
-0.882332
-0.116791
0.096510
-0.588269
0.342661
0.390460
-0.859260
0.507230
-1.765879
-0.703666
0.214596
-1.036605
-0.536630
1.065163
-0.351977
-0.293812
-0.432390
1.116115
1.323731
-0.017996
-0.519980
-0.302179
1.596048
-0.103040
0.487143
-0.891833
1.068656
2.182040
1.177680
-0.114312
0.072877
0.181984
0.775512
-0.094837
0.625845
-0.339844
1.276909
-1.817325
1.273689
-0.041341
1.865601
-1.117506
-1.185660
-0.029112
-0.305866
-0.292206
-0.477552
-0.960134
-1.373441
1.410745
-0.351571
-1.923121
0.398257
-0.661854
0.059114
2.617977
2.438450
2.812746
3.666033
1.665231
-0.464333
-0.195284
0.142787
0.695784
-0.827357
-1.217308
-0.139582
-0.063987
0.302300
-1.602507
-1.933436
0.240503
-0.108383
0.572621
-0.003121
-1.104339
-1.491464
-2.991092
-2.361446
-1.951497
-1.804992
-3.148302
-2.038838
-2.580998
-1.609516
-2.277568
-2.582130
-2.246637
-1.771806
-0.842539
-0.524676
0.569171
-0.042171
1.434644
-0.824132
-0.496633
-1.227127
-1.785712
-1.879989
-0.721801
0.676350
1.030882
2.892618
1.838273
2.839204
3.826763
4.341292
5.173628
6.565163
5.846236
3.792344
5.783741
7.129011
5.768367
5.366981
5.490842
5.871220
5.924101
5.354056
5.595592
4.566908
3.482284
4.160198
2.760443
3.018314
2.382488
2.031794
2.746707
1.500906
1.057856
0.265295
1.616126
0.892897
1.593864
3.152093
1.897750
0.115982
0.905956
-0.523411
1.110712
-0.250673
-0.180046
-0.389867
-0.368347
0.923331
1.057654
-0.471375
1.191814
1.644885
2.492793
1.979433
2.312665
3.740177
2.322936
1.856877
0.702436
-1.403028
-0.819273
0.024330
-0.713150
0.753423
-0.849703
1.234594
-0.050337
-0.303216
-0.237688
-1.069477
-0.846849
0.745893
-0.772766
-0.591936
-0.243027
0.500916
0.479251
2.495228
0.757308
0.748740
-0.250417
2.923895
-1.994149
1.336186
1.040343
0.950845
1.461458
0.561071
-0.324985
1.487448
-0.904593
-1.766482
-0.269024
-0.662610
1.464159
-0.020605
0.388079
0.713720
-0.207053
-0.996653
1.047549
-0.293313
-0.520805
-0.035013
-0.371552
-0.637426
-0.633812
-0.013528
-0.707387
0.104992
0.060585
-1.232257
0.502669
1.289403
2.450830
-0.703403
-0.249181
-0.630852
-1.289076
0.990741
-0.700947
-0.185470
0.863786
-1.740670
-0.778537
0.440220
0.566026
-1.174110
1.369260
0.604834
-1.518806
-0.625702
0.262985
-0.359730
0.768781
1.029433
-1.112903
-1.028504
-1.641672
-2.338541
-1.854100
-0.527601
-0.953041
-0.686172
-1.150510
-1.646808
-0.521181
0.498066
1.816901
-1.101286
0.520484
-0.016964
0.643521
-0.859266
-0.034687
-1.665301
-0.511620
-0.719463
-2.195843
-2.505637
-1.853259
-1.369557
0.214169
0.885164
0.506274
1.459139
2.777336
3.579856
2.981295
2.719161
1.686726
1.205438
2.016242
2.706070
2.846169
3.426659
1.780681
1.246917
1.427954
0.144932
1.510505
1.422531
3.275248
4.395642
6.170092
4.677754
5.721173
3.668233
4.712265
3.794118
3.196118
3.299165
3.609180
3.114906
4.380331
2.943651
2.301666
1.314840
3.058492
1.985332
1.604415
2.325025
1.671779
2.646328
1.093909
0.724355
0.093279
1.914472
2.526367
3.360073
1.239114
1.100197
3.053654
2.720374
2.577201
2.149007
3.657186
3.078267
2.197447
3.634459
2.672836
3.112805
2.854977
3.983127
3.024847
2.985247
2.647913
2.344502
2.711437
1.797824
1.424209
0.437938
-1.772805
-0.391258
0.928650
0.994551
-0.343336
-1.109690
-1.143262
-1.640308
-2.166048
-2.779841
-2.481383
-2.231806
-2.465994
-2.150606
-2.074767
-3.048550
-2.582054
-1.484283
-0.319312
0.768250
-1.068053
0.341115
0.870058
0.224798
1.501142
-0.868660
0.996597
-0.036237
0.134182
-0.121970
-1.152784
-0.253936
0.670491
-1.217422
0.070986
0.346651
0.454042
-0.302007
-0.332685
-1.480703
-0.446432
-1.065385
-0.199790
0.477231
0.248582
1.616109
2.738516
0.979724
1.227780
0.061195
0.629405
-0.438810
-0.434375
-2.483204
-0.456996
-0.260801
0.560037
1.075285
-2.137104
-0.867260
0.071225
0.060750
-0.307967
-1.007268
0.479103
0.487877
1.060352
0.550416
0.956516
0.822679
-0.815733
0.835569
0.994757
0.958719
-1.325425
0.782803
-1.442631
-0.129856
-0.256453
-0.483303
-0.072852
-0.269700
1.687243
-1.378319
0.902221
2.114657
-0.641236
-0.807106
0.961938
2.294773
0.568801
-1.272199
0.456829
-0.436624
-0.439838
-1.257933
-0.581103
0.198328
1.311486
-2.101661
-0.778317
0.654950
-0.282254
0.163629
-0.155472
-0.340365
0.332843
0.344915
-1.637414
-0.647492
-0.564450
-0.559137
-0.133274
-0.689953
-0.952574
0.167463
-0.306309
1.525312
-1.331227
-0.117606
-1.117068
-0.579604
-2.113742
-0.846066
-1.278329
-1.080611
-1.328715
-0.561942
-3.205638
-3.412803
-3.135615
-2.802534
-2.029316
-1.815595
-0.746377
-0.815935
0.992490
-0.229866
-1.440657
-0.983023
1.397355
0.759458
0.115809
0.377608
-1.152404
0.038625
0.505103
1.020354
1.101690
0.022010
-0.574177
1.115483
1.512610
1.665291
2.922246
2.253748
2.809172
1.803178
0.415968
0.877852
-1.815697
-3.316453
-0.571146
-0.109555
-0.464322
1.150193
1.294454
0.350525
2.237024
0.941675
0.249681
-0.555569
-0.258563
-0.502881
-0.353247
0.237641
-0.236433
1.215366
-0.505065
-0.489570
-1.053013
-1.932283
-1.597386
-3.012204
-2.777603
-2.288964
-0.798310
-1.980882
-1.417478
-0.304385
-0.585599
-0.187806
0.818948
1.029395
3.800228
4.992490
3.694310
1.409597
1.023151
0.883204
-0.228902
0.052621
-0.541916
-1.563564
-1.261428
-1.454174
-0.963483
-2.763940
-3.762971
-4.339545
-3.315648
-2.384949
-0.631107
-0.806886
-2.026202
-1.668805
-0.583704
-0.134581
1.375371
0.633741
-0.068958
0.779611
-0.007270
0.193624
-1.150909
0.400422
0.921882
-1.137254
0.664147
-0.159943
-1.272640
0.904053
1.324069
0.275094
-0.180339
1.397153
-1.316452
0.024333
0.053086
-0.569919
1.148865
0.499615
0.566062
0.429265
0.078487
-0.922957
0.433868
-1.263908
0.267560
0.560720
-0.757177
1.923458
-0.241484
1.271679
0.534456
0.880126
2.278760
2.912638
-0.871629
0.149156
0.346676
0.073016
0.840101
-0.372052
1.498315
-0.325057
-0.785527
0.978184
1.020443
-0.641719
0.464751
-1.749498
-2.168679
1.863979
0.212347
-1.717622
-0.113775
-0.581489
1.731012
1.624580
-0.205159
0.330040
1.332595
0.345895
0.197633
-0.034140
-0.774792
-1.756133
-0.757987
0.369368
-1.069787
0.634726
-0.087337
0.687253
1.285941
0.243953
-0.707433
1.152492
0.811752
-0.960064
-2.267229
-0.138357
-1.113883
-1.136184
0.395863
0.500558
-0.376608
-1.877444
-0.247790
0.845465
1.000959
1.190636
-0.020640
1.212684
0.822096
0.448938
-0.208661
0.562828
1.151298
1.589522
2.645743
1.487192
1.445667
2.634737
2.539394
2.010230
0.690130
-0.279449
0.056798
-0.422469
-0.024051
-1.224779
-1.869538
-1.354152
-1.661215
-2.127159
-2.361284
-3.257673
-3.815920
-3.154923
-2.361175
-1.594610
-2.601491
-2.537006
-0.475444
-1.006258
0.189689
0.184044
-1.355221
-1.766814
-3.335956
-4.383829
-4.052470
-3.154664
-3.624512
-4.127680
-4.756412
-4.401346
-3.368757
-2.764629
-2.160987
-1.448618
-2.454136
-1.924848
-2.469312
-2.108366
-2.290111
-0.065031
-0.861333
0.229599
0.036464
1.957141
1.225547
1.937606
-0.507563
-0.665731
-0.703408
-0.876461
-0.636702
-0.582787
-1.230084
-0.361285
-1.023556
-0.817370
-0.232028
1.513718
1.463627
2.473679
0.715345
2.396950
0.665407
0.483834
-0.041254
0.638172
0.753497
-0.117244
1.635694
0.815344
1.102858
1.093060
2.035879
1.968476
2.131027
2.809327
2.527982
1.276373
1.097149
1.320770
0.337577
0.309977
0.372470
1.667688
1.749513
2.748840
2.084033
1.158938
-0.080899
1.823130
2.615513
3.178179
3.042982
2.255520
0.310547
-0.068086
-0.392935
-0.488091
-1.676347
0.229307
-1.204111
1.425922
1.698545
-1.373417
1.312477
0.604113
0.514585
1.813211
-0.057510
-0.088364
-2.194074
-2.348558
-1.102097
-0.877940
0.352426
0.048494
0.293405
0.575096
-1.519330
0.156130
0.399665
1.152799
-0.808321
1.293629
-1.348940
0.403448
0.319633
-0.420493
-0.316244
-0.155249
-0.847455
-0.535237
-1.141278
-0.914251
1.098843
0.761473
-0.249028
-0.001997
-0.742525
-0.579463
0.492497
0.451755
-0.061636
-2.352628
-0.189697
-1.074390
-0.255225
0.536160
-0.608279
1.257355
1.163582
0.961625
0.442751
-0.139025
-0.880974
-0.629537
-1.010440
-0.345426
1.264196
2.352749
-2.065100
0.980100
-1.155070
-1.802385
-1.001973
-0.541960
-0.864335
1.999574
1.213104
-1.391750
-1.557495
0.283082
-1.102700
-1.725918
1.043574
0.800695
-0.521443
0.044902
-2.472328
-1.865598
1.752321
-2.192065
0.451460
0.004670
1.322467
-1.548028
-0.406206
-0.216365
-1.433119
-1.242975
-0.190901
-0.631122
-1.102821
0.642398
0.442871
-0.819645
0.547060
1.869002
1.533459
-0.177970
0.390374
1.534774
2.654112
4.200862
4.302139
2.261336
2.248067
3.436331
2.021560
1.301340
-1.387305
-2.347101
-1.484785
-0.307528
-0.091617
0.906326
0.802118
0.320602
1.940316
0.432741
1.083341
3.049352
0.103999
0.610823
0.689815
1.056485
1.077856
1.092303
0.050191
0.355666
0.924320
-1.126588
-1.181811
-0.977983
-2.305221
-0.562269
0.047961
-0.275983
-0.340536
-0.754430
-0.970690
0.093533
-1.230552
1.974302
0.543010
1.114344
0.173982
-0.747807
0.508106
1.195552
1.993514
1.770003
2.653828
2.345285
-0.842206
-0.237967
0.136988
0.243156
1.238998
2.215366
2.480154
0.524865
0.488081
0.148465
2.263236
1.781789
1.841628
1.123931
0.377618
0.838005
2.132752
2.571141
2.293518
1.790120
1.749351
2.398145
3.329161
1.812254
1.139236
0.142008
-1.523102
-1.110910
-0.453991
-0.232825
1.080292
0.507500
1.961214
0.847509
0.851835
-0.077480
-0.037747
0.240951
0.296746
-1.411875
0.392300
-1.066992
-0.296831
0.862710
0.025475
0.593536
0.842448
0.911070
0.579564
0.560680
-2.007003
0.086699
0.710886
2.753901
0.621448
-1.703992
0.910758
-0.935788
-0.137672
-1.436966
-2.007427
1.260487
1.610959
-0.552884
-0.885532
0.263388
-0.213269
-1.491909
-0.168724
-0.173544
1.387986
-0.534884
1.388382
0.649774
-0.857193
-2.280307
0.023954
0.493681
-1.215267
0.889741
-0.828848
0.050449
1.181645
0.353726
0.216826
0.152451
1.789894
1.526090
1.229683
-0.510483
0.550567
-0.649223
1.769781
1.681681
0.099526
1.400490
-0.650381
0.414455
0.437418
-1.926537
-0.370695
-1.851234
-1.458488
-0.307012
0.040122
-0.031242
-0.703238
-0.139439
-1.381279
1.837194
-0.554998
-0.835675
-0.386405
-0.130495
-0.173852
0.485202
-0.400819
-0.638743
-2.524446
-0.747506
0.164919
-1.851678
0.023900
1.109703
0.400736
0.342759
0.345316
-1.705289
-1.979223
-0.644490
-0.213482
0.676749
-0.881672
0.463822
0.296768
-1.190495
-1.424240
-0.708740
-0.145143
-0.063986
0.160076
-0.298894
-0.401249
0.653244
1.796302
0.452793
1.452928
2.333130
1.715443
2.429180
1.482782
1.343609
0.121628
-0.175670
-1.113126
-1.820716
-1.761181
-1.417396
-2.125223
-1.873406
-0.865624
-0.174336
-1.584334
-0.851796
0.461073
-1.220031
-1.115661
-0.670547
0.268774
0.125495
0.115962
-0.457166
-0.148102
0.675325
0.299902
-0.241971
1.562120
0.676977
1.858548
1.112614
1.441237
0.265145
0.254918
0.350398
0.920379
2.178604
1.077961
1.868357
2.497441
1.025575
1.561527
0.553640
-2.340220
-1.801005
-2.254452
-2.743241
-2.317225
-2.815314
-1.764218
-0.917514
1.019750
0.197734
-0.122359
0.668222
1.144543
1.890868
-0.181728
0.027844
-0.809113
-0.584756
1.172440
0.298902
1.353326
0.922046
0.715928
-0.029120
-1.247613
0.145409
0.202964
0.217949
-0.651895
-2.310727
-0.543958
-1.025648
1.354297
1.645809
-0.134037
-0.420916
0.115821
-1.835586
-3.944477
-2.032066
-2.162022
-1.888142
-1.321706
-0.931537
3.074845
1.363251
0.363353
-0.796995
-0.785796
-2.209951
-0.596189
0.168631
-0.139453
0.313333
-0.788177
0.439691
-0.130843
-0.872514
0.385972
-0.614384
0.072382
-3.034766
0.323471
-0.108498
0.848536
-0.840560
0.566339
1.016175
-0.036449
0.744730
1.435279
-0.889302
-0.005116
0.011890
1.911063
0.571858
0.129676
-0.293330
-1.513208
-0.612637
0.692135
-0.999889
-0.236453
-2.017306
-0.135057
1.035197
-0.333948
-0.369959
1.638345
2.064268
-1.627316
-0.166404
-1.258795
-0.058190
-2.106565
-1.656081
-0.774867
0.569013
0.153325
0.107347
0.724613
0.838490
0.603948
-1.243476
-0.850140
0.595491
0.989085
1.388855
-0.134104
-0.828511
0.029107
-0.570998
-0.398970
-0.745982
-0.765117
0.891690
2.139075
1.207322
-0.785631
-1.993714
-1.921190
0.534468
-0.152140
0.005197
-0.422861
0.314973
-0.797982
-0.884779
1.074826
-0.866850
-0.528368
-2.394363
-0.133611
0.100136
0.681953
0.863500
1.196245
0.981725
-0.664353
-0.022972
1.004589
1.059064
2.527381
1.841751
0.748389
0.368774
0.045331
-0.844277
-2.467821
0.508953
0.318304
-1.665471
-1.539287
-1.100262
-0.870405
0.720232
1.065785
1.024455
1.974928
1.285086
3.229275
3.046311
1.661322
2.470020
2.468555
1.924650
1.303735
0.580085
2.092485
2.755616
3.090753
2.457165
0.951236
0.057073
0.234990
-0.127941
0.191611
1.139876
2.978463
3.115076
3.243143
3.352516
0.886170
-0.369680
-2.525871
-3.669384
-4.397520
-4.136876
-3.123854
-3.891858
-3.856951
-4.750967
-4.490371
-4.238149
-2.808968
-2.890251
-4.126515
-3.950542
-4.058326
-5.123510
-5.108515
-6.454888
-6.358865
-5.707677
-5.162284
-5.850038
-4.230372
-2.981407
-1.961717
-1.546059
-2.573716
-2.206456
-1.880317
-2.291130
-2.662633
-3.905543
-2.041891
-0.632307
-1.052609
0.407367
1.062101
0.126349
0.774091
3.156136
2.157328
1.741449
1.209031
0.951681
1.439879
2.127825
3.189621
2.093169
0.977693
0.592184
-0.161231
-0.386266
0.397068
-1.818620
-1.351794
-0.289442
0.669170
-0.313184
-1.725902
-1.285969
-1.258940
-1.780988
-0.321964
-1.204969
1.023708
0.279517
-0.248578
-2.186281
-0.066193
0.778547
0.830274
0.337818
-0.096665
-0.295595
1.596051
0.314830
-0.150862
-0.648027
0.562911
-1.384332
0.077172
1.210280
2.781812
-0.118587
0.504955
-0.548436
0.012629
0.334729
-0.886446
-0.838703
-1.565837
-1.369061
1.425953
1.513996
0.117148
-1.006041
-0.094795
1.606267
1.291956
-0.985897
0.384785
-1.631816
0.635783
-0.045706
0.102156
0.950856
-0.077982
-0.641859
0.673913
0.977521
-0.349468
0.211410
-0.036670
0.022783
-1.070365
-0.801682
0.905649
-2.164874
-1.830238
1.298886
0.880676
2.063468
-0.208268
-1.203378
1.041664
0.088471
-0.751288
1.445264
-0.807196
-1.290116
-0.234737
-1.141309
-0.048590
0.014006
-0.567093
-1.465448
0.513616
1.974615
-1.988442
-0.223049
-0.146392
0.657040
-0.075540
1.179355
-0.436282
-0.770099
0.169666
0.811593
0.271528
-0.624858
-0.123072
1.465708
1.125326
-1.087675
0.110773
-0.441259
-0.672089
-2.670072
-1.196293
0.091832
-0.014352
1.585359
0.692660
0.064998
0.155995
-1.510332
0.715805
0.470466
-0.191770
-0.508879
-1.878208
-1.272571
-1.682192
-0.799485
1.171525
0.428944
-0.212565
-1.025911
-0.768187
-1.424083
-1.852563
-0.198559
0.817197
2.181985
2.079899
1.599462
0.523392
0.310365
0.322396
-0.292759
1.123343
1.930080
1.179096
0.723237
-0.707899
-0.705755
0.480230
2.842498
1.500653
-0.237926
-0.846885
-0.866496
-0.674400
-1.990075
-0.528716
-0.182549
-0.197312
0.770397
0.153590
-0.569793
0.288908
0.469727
1.755611
1.424186
0.203935
0.728928
0.179147
-0.754562
0.880446
0.162913
-0.163195
-0.196307
-2.132151
-0.896253
-0.726260
-0.727719
0.769344
-0.394297
0.193198
-1.028932
-1.388315
-0.081071
-1.354163
-0.801239
-0.368351
0.274801
-1.209730
0.127037
1.152491
1.546567
0.018024
0.621093
-0.024376
0.649589
1.485141
0.134251
-0.068131
1.687845
0.277142
-1.293252
-1.821263
-1.547288
-0.483505
-0.169607
-0.155403
-0.735420
0.052896
0.424733
-0.844206
1.558420
-0.881712
-0.189925
-0.147086
0.176261
-0.044611
-0.947417
-0.152350
-0.706495
-0.150087
0.472551
1.088115
-0.551818
1.161816
0.116238
-0.136537
-1.660683
-0.901869
1.575288
0.442033
2.985378
0.680548
0.010251
0.309935
-0.712616
-0.318772
-1.006014
0.525504
0.284153
-2.616270
-1.453883
-0.561433
-1.271502
0.856605
-0.210395
-1.586346
0.254611
-0.616238
-0.104597
-0.185417
-0.070014
0.733544
-0.495422
-0.052326
-1.592301
0.974238
-0.458443
1.187935
-3.193825
0.631869
0.560991
0.771242
-0.567759
-1.223299
2.402894
0.229937
-0.133134
0.280939
0.540334
-1.980244
-1.325613
0.793541
-0.493047
0.023553
-1.476780
1.013427
1.030778
0.606388
0.923456
-1.823353
0.406216
-0.070354
-2.829367
-0.837065
-1.520485
0.008574
0.513946
-0.751592
-1.377721
-0.397727
-1.369747
-1.473299
-0.129738
0.229827
0.749310
-0.350076
-0.805430
-0.573950
-0.550122
-0.744474
-0.259528
-0.005988
0.564688
0.326220
1.124171
0.786611
0.836300
0.152440
0.310967
0.810585
2.286047
3.191552
2.277585
2.731263
1.267540
1.330338
1.955697
1.995523
2.566568
2.979152
3.368946
2.957529
2.309526
3.442279
1.185335
1.524485
2.935098
2.798234
3.105124
1.599390
2.895027
1.672679
1.139149
-0.486333
-0.197404
0.141221
-0.818067
-0.536553
-2.932328
-2.710926
-4.268626
-3.947169
-3.888232
-3.804280
-4.282441
-4.035469
-2.604131
-0.406202
-2.141390
-1.209272
-0.320821
-0.147844
-0.865028
-0.188814
-1.451255
-0.243323
0.928859
0.687928
0.734506
-0.152005
1.168018
2.440964
2.736209
1.885720
0.496078
-1.453261
-0.735580
-1.046724
-0.740662
1.037933
1.365753
1.449627
1.822747
1.754146
1.227625
0.823697
0.358676
0.140576
-1.969016
-1.883537
-1.468576
0.418805
1.850760
2.747943
1.886919
3.822753
4.262409
4.172829
4.387745
3.226164
2.172597
0.719192
0.868114
1.626467
2.044599
2.092781
2.287222
1.910353
0.407014
-1.463965
-0.867129
0.321414
0.867014
-2.240148
0.842602
1.673868
0.810949
-0.540583
0.072956
0.147533
-2.123633
0.726147
-0.201298
0.381769
0.697880
0.514553
1.519854
1.224489
0.158818
1.154663
0.255365
-1.374197
-0.444181
0.540737
1.109037
0.539857
0.531444
0.969301
0.813864
-0.521463
-1.481997
1.455234
0.088713
0.880659
-0.991714
0.284741
-0.455295
-0.585700
-1.187234
0.607810
0.678202
1.892987
0.787552
0.697322
1.955885
-1.417707
-0.839188
-0.932129
1.079407
0.073991
-0.519442
1.423252
0.822779
-0.162511
0.671542
0.091645
-0.453456
-0.752104
1.380259
0.366406
0.061102
-0.062776
1.284435
1.173581
-0.878062
0.254955
0.515902
2.272613
-0.250083
-0.005165
-1.121592
-1.437411
-0.826044
-0.569491
0.046561
0.489413
1.408546
-0.722110
-2.564725
-0.674340
-0.454815
-1.098991
-0.603762
0.271246
0.339010
-0.629061
2.493356
0.149548
-0.180937
-0.580749
-1.679666
0.300809
-0.291970
0.659175
0.058452
-0.951950
0.144168
0.227406
0.035055
1.806852
1.991876
2.143842
1.591030
0.803948
1.706606
0.223153
-0.154149
0.473974
0.412010
1.430590
0.990471
0.246492
-0.013391
-2.482235
-2.896355
-2.096306
-0.952619
-0.142068
1.120974
0.108993
-0.851129
-0.076885
-0.908679
0.263915
-0.653454
1.216332
1.259407
2.901620
2.934806
1.063812
1.272430
1.505718
2.477300
4.501837
2.702639
3.036057
3.633648
1.170827
-0.174373
-1.976475
-1.312635
-1.123307
-0.023281
0.348910
-1.006933
-0.543938
0.542261
2.382194
3.416596
3.343203
1.488565
1.145521
0.612026
1.917222
2.315018
2.478031
1.446853
2.475141
2.145645
1.842550
0.930740
0.611839
1.106852
0.360247
0.321789
0.124333
-1.672414
-1.897045
-3.823009
-3.237901
-2.936166
-3.381970
-2.022039
-1.901105
-0.584795
0.410735
0.643954
0.482440
1.582123
0.808490
0.584865
-0.818616
-0.570240
1.693874
1.124750
1.265477
-0.835486
-1.441596
-2.044515
-1.652054
-0.872376
-2.131847
-2.330494
-2.264417
0.537324
-0.181346
0.228169
-2.594597
-0.122780
-1.409610
-1.265643
0.225578
1.354746
0.395669
-0.464664
0.892017
-0.140692
0.295276
0.105549
1.413285
0.310775
1.772233
0.575794
0.347861
0.570939
1.256064
1.263788
-0.335761
0.102632
-0.109558
-0.163877
0.194744
-0.212951
0.253073
1.405354
0.266773
0.539804
0.966438
0.722786
-0.917536
-0.481144
-0.517701
-1.896104
-0.329280
-0.324553
-0.808776
2.142862
1.806322
0.464045
1.090690
1.078669
-0.156615
-0.668592
0.692517
0.347211
-0.485932
-1.917035
-0.208735
-1.333493
0.281652
-0.766083
-1.614497
0.947307
0.497606
2.180435
0.502232
0.729296
2.230972
-0.511242
-1.556431
-0.825110
0.338380
-1.078355
0.579527
-0.447022
0.796839
0.488258
-1.437300
0.993539
0.178499
-0.094732
-1.952804
0.840559
-1.134099
1.398121
-0.311893
0.741302
1.999512
0.091862
-0.004409
0.088577
0.661283
-2.084507
-0.754168
-0.815346
-0.038321
1.215326
0.065265
0.222567
0.067185
0.493852
-0.491568
1.731508
0.544820
-0.033381
1.207228
-0.255054
0.240406
0.496736
0.362343
1.379208
0.486959
-0.895895
-0.176233
1.496498
0.763218
0.174507
-0.048454
0.415246
-0.751855
-0.866526
-2.190364
-4.420157
-5.169178
-5.088278
-5.116853
-4.192206
-1.812426
-0.547766
-0.072553
0.341694
0.410323
1.608119
0.921635
0.346488
-0.377275
-3.329747
-2.453695
-4.062303
-4.140142
-3.480633
-1.727204
-1.510493
-0.747537
-1.188380
-0.601071
0.128642
0.820776
1.605365
1.471805
3.186074
2.687208
2.309025
3.905717
5.014987
2.611872
1.726171
-0.067835
-0.873683
-0.822952
-0.056693
0.115447
0.803536
0.805360
1.531726
1.908770
2.290630
2.443540
1.812033
1.535396
-0.734379
-0.692678
0.228656
-0.309900
-1.512579
-2.402555
-0.364620
-1.000031
-1.020263
-2.189629
-1.703131
-1.308584
-1.226257
0.049792
1.522733
0.636540
2.344887
1.935761
0.965163
0.457334
0.759955
0.573599
1.281890
-0.014605
-0.087674
-0.231753
-1.283054
-1.026789
0.140317
2.202984
1.041528
1.110956
0.219453
1.185865
0.077003
-0.166994
-1.037820
-0.390344
1.094244
-0.343672
0.583927
0.260183
-1.833173
-2.493795
0.728965
0.015296
-0.923145
-1.038437
1.029787
1.262404
0.916445
0.519333
-1.453932
0.214640
0.155287
-0.192923
1.154899
-0.400413
-0.060699
-0.757469
0.399083
-0.628548
-0.498387
-0.328547
2.694822
1.113377
0.604970
-0.803336
0.141052
0.379033
-0.792668
-0.245356
-0.323057
-0.112148
-1.088506
-1.561176
-0.114679
-1.328164
-0.480759
0.826285
-1.275942
0.977879
1.243641
-0.317029
-0.835294
-0.251390
-0.817193
0.371789
-0.319978
-1.666046
0.350416
-0.386957
0.238793
0.916184
2.029224
0.783927
-0.843843
-1.614988
-0.261495
-1.447037
0.705368
-0.570736
-1.284059
-0.321422
-0.464483
-0.167802
0.855246
0.404440
-0.192683
1.663332
-0.332520
-1.402275
0.273274
1.753943
0.307571
-0.212861
0.399919
-0.511468
1.951741
-1.202162
-1.045663
0.198687
-0.416650
-0.646858
0.904018
-0.607732
-0.948765
1.039249
1.305130
0.628809
0.171653
-0.176144
-1.297463
-0.540734
-1.770348
-1.134854
-2.090718
-0.783522
-0.786589
-1.242001
-1.907498
-1.652313
-3.795523
-3.335527
-1.994189
-2.091108
-2.556403
-2.279931
-3.389268
-2.865452
-4.096493
-2.984459
-4.084427
-4.273820
-5.382721
-5.386820
-3.294250
-3.133522
-2.980914
-1.927347
-2.793955
-1.765180
-1.791091
-2.332487
-3.464381
-3.239721
-2.356655
-1.435703
-1.308702
0.044330
-0.390652
0.566727
1.390012
1.780586
1.028881
-0.251908
1.451249
0.535013
2.818465
1.709925
1.251078
2.451329
1.941346
3.276582
2.019934
-0.201026
-1.108625
-0.652861
-0.864970
-0.392086
-0.706521
-2.959520
-1.895179
-0.599424
-0.258302
-0.538183
-0.008717
1.146389
-0.590115
0.356393
-0.426249
-0.215440
0.134338
-1.194308
-0.064971
-1.353030
-0.621074
-0.873266
-1.297745
-0.462285
-0.709441
-0.237928
0.354836
0.151797
0.655095
0.569159
1.261970
-0.601470
-0.133166
0.535431
1.913855
1.244095
3.125990
2.095842
1.436097
2.272431
1.382709
-0.376323
-1.225835
-0.343699
0.768548
0.107682
0.232223
-0.206541
-1.005654
-1.180630
-1.896174
0.564757
0.489463
0.430933
0.387525
0.075274
0.648588
0.486011
-0.154930
1.296653
-0.016963
-0.625443
-1.392575
0.362865
0.531994
0.067126
-0.676729
1.195914
0.171654
-0.927743
0.810830
-2.174370
0.074108
1.037086
-0.062023
-1.073677
-1.170217
-0.796941
-0.425000
-1.843423
1.058940
0.805678
-0.392887
-1.060917
0.155501
0.491255
1.688703
-1.745362
-1.396477
0.353382
1.538906
-0.047249
2.136262
1.060180
-0.750243
-0.265374
0.930223
1.187964
0.416372
-0.434003
0.393213
0.329176
0.967967
-0.120930
-0.838962
0.056399
0.136551
-0.239473
0.922583
0.776605
-0.858140
2.265054
0.450018
-0.066721
0.299364
0.222926
-0.032485
-1.188107
0.126473
-0.013970
-1.341897
0.287769
-0.148425
0.056202
-1.430002
-0.006311
1.391207
2.238548
-0.617465
0.973656
0.648222
-0.487741
0.959001
0.109690
0.168843
-0.380334
0.447400
0.311363
1.560455
0.000346
0.470915
-1.928159
-0.067660
-0.152152
-0.830353
1.283511
-1.156104
0.017284
0.617069
-1.545803
1.316047
-1.088540
0.808581
1.287530
0.373741
1.301020
-0.961625
-2.270738
-3.098527
-1.771821
-1.343718
-0.784014
0.417274
-0.305569
0.465796
1.031982
3.060314
3.398175
1.840853
2.664663
0.891009
2.372725
1.881975
1.993845
1.513333
1.259736
1.348446
1.969957
2.178494
0.150128
-0.845718
-0.049551
-1.015096
-0.972805
-2.430888
-2.333941
-2.460544
-1.462823
-2.467904
-1.192127
0.623456
0.783028
-0.293189
-2.844929
-0.456547
-0.337128
0.658428
0.494173
-0.887018
-1.159255
0.157536
0.932683
0.270989
-1.438138
-0.433716
-0.023732
-0.908221
-0.958416
1.561325
0.772077
-0.380982
-0.900384
-1.363990
-1.516149
0.085943
-0.026086
1.731543
0.207623
1.130520
1.295410
0.341635
0.270565
0.791703
2.027420
1.225790
0.726880
-0.229888
-0.966100
-0.782597
-0.820543
-0.694845
0.815693
1.007576
0.407668
0.689102
1.030752
0.676643
-2.097166
-3.901802
-3.959993
-3.232939
-1.629627
1.055411
0.760839
0.667409
1.230635
-1.271748
0.001495
0.419936
1.005917
0.393710
0.418077
1.214285
1.524162
0.540432
-0.850389
-1.236518
0.167583
-0.405703
-1.769582
-0.207412
-0.259589
-0.628729
-1.069798
-0.146996
0.287557
0.336807
-0.317833
0.609399
-0.185385
0.123643
1.055241
0.833361
0.713623
-0.489049
-0.134299
0.931887
-0.349156
-0.420044
-0.482139
-0.574550
1.264085
-0.682324
-0.240668
1.199300
-1.211352
-1.328197
-0.396301
1.124482
-0.411641
-0.347845
0.292736
-1.278537
0.226228
0.907960
0.222391
0.096527
-0.258608
-0.336304
-0.495792
-0.432831
0.713413
-1.178694
-0.741212
-0.735196
0.957383
0.718232
-0.708807
-2.115360
-1.671376
-0.600375
1.323554
1.044285
-1.103576
0.279742
-0.426217
-1.143942
-0.754916
2.667378
0.143991
-0.406657
-0.247816
-1.005967
-0.815726
-1.656795
0.239914
1.011778
2.708402
0.882112
-0.877045
-0.153046
0.834707
0.730472
0.942596
-1.764461
0.276531
-1.263827
-0.952241
0.079144
-0.426646
0.581286
-0.109407
-1.077426
-0.600580
1.141981
1.733086
-0.881290
0.466035
-0.091086
0.905855
0.816293
2.419831
1.477022
-0.327389
0.140461
0.367652
1.496087
0.487120
-1.772994
0.370052
0.272888
-1.014339
0.638047
0.335829
-0.173598
-0.104552
0.517827
1.392443
1.191413
-0.232404
-0.000715
-1.185473
-1.448362
-3.379955
-2.114931
-1.937535
-2.727817
-1.333329
-2.909413
-3.071268
-2.443128
-3.039559
-2.066092
0.189420
-0.258547
-0.089262
-1.704875
-0.843260
-2.279830
-3.078129
-4.791151
-4.908890
-4.588353
-5.960941
-4.704581
-4.524168
-3.579307
-1.703314
-0.693869
1.178622
0.950431
1.165105
-0.396467
0.842465
0.755641
2.045618
2.400791
2.251670
1.367437
2.364656
2.185545
2.227623
1.708455
2.436837
4.105099
3.316635
3.428462
5.349254
4.011715
5.601880
4.191743
2.665635
3.319003
4.610437
3.991047
3.723814
2.353896
3.058965
1.931446
1.542254
0.915435
0.204808
0.352346
2.092257
-0.029522
0.851750
0.808480
-0.280294
-2.537765
-1.937930
-1.513374
-2.314689
-2.041527
-2.445493
-0.278720
0.173923
1.009604
-0.735745
0.027900
1.978957
1.583701
-0.370543
1.135907
0.295663
1.538682
0.536020
0.499938
0.252091
-0.753899
-0.913168
0.025873
0.633411
0.928719
0.144515
1.676332
0.262994
0.105828
-0.662898
2.278164
0.269020
0.511146
0.564204
0.563019
0.836529
1.083965
-1.468110
0.845822
0.084264
0.750867
-0.382686
-0.087973
0.602648
1.469991
1.284869
-0.679892
-0.464960
0.268935
-0.923138
-0.062813
-2.095880
1.765662
-0.859781
0.519455
-1.170477
0.385886
0.809493
-0.391238
-0.115744
0.716176
0.281163
1.292094
0.096129
1.198537
0.442366
1.012830
2.104284
-1.064288
-0.138669
-2.054424
0.642244
-0.151263
0.085082
-0.599121
-0.974936
-0.907281
0.931253
-0.919527
0.317416
1.621480
1.393995
0.079002
0.494973
-0.497594
-0.565370
-0.415311
-0.106988
0.463045
1.248343
-0.193471
0.279927
0.204805
-1.102748
1.505333
0.420930
-0.239580
0.722824
-0.056958
-0.344344
-0.673560
1.097337
-0.090801
-1.400119
-0.547117
-0.673491
1.277856
-0.331194
-0.681951
1.326655
0.032906
-1.777660
0.695567
-1.310698
-1.119014
1.165115
0.086147
0.025572
0.860841
0.328207
0.212990
-0.582705
-0.984389
-1.531618
-1.616037
-0.376576
-1.587326
-1.175001
-1.062347
0.058510
-0.104112
0.489758
-0.331429
-1.964208
-2.794924
-2.299527
-2.788230
-2.687588
-1.665129
-2.725348
-2.225264
-1.074102
-1.477501
-2.991273
-1.466386
-2.910856
-3.756430
-1.327586
-0.645456
0.108566
-0.148533
-1.796870
-1.740247
-0.625299
-0.582915
-1.503256
-1.853073
-2.365770
-0.481719
1.479440
2.152091
0.353145
-0.655318
-1.104200
-1.249251
1.310969
1.125002
1.033234
0.607747
0.503406
1.321940
2.384349
2.206900
1.386867
-0.183959
-0.325988
0.127276
-0.379550
1.111859
2.063848
2.504177
2.031079
2.294876
0.843621
1.558182
0.549874
0.770403
-0.260507
-0.680535
-0.185580
-0.156128
-2.456568
-1.293744
-0.607157
-1.600027
-0.848541
0.189683
0.447893
-0.174155
-0.550086
-0.578250
-1.653542
-0.715982
0.343096
1.719195
2.973610
4.124898
2.779409
3.294983
3.545736
4.527032
2.577192
1.318047
2.057998
0.550116
-0.476768
-1.194436
-0.048860
1.543934
-0.563078
-0.224445
-0.868378
-0.667975
-0.349167
0.528184
-0.115548
-1.239104
1.010235
1.126302
-0.814901
-1.094043
-0.829469
-0.852416
-1.014992
-0.920043
0.258470
0.460480
1.093136
-0.463935
0.388289
0.999027
1.985204
-1.076401
1.705132
1.338105
0.845181
-0.302992
0.382034
-0.771284
0.747275
-1.585663
-0.309999
1.772630
0.429685
0.490414
-1.516576
0.065875
0.236279
-2.657956
0.324395
0.238638
-0.541187
0.298624
-1.710492
1.652831
1.405205
-1.564679
-0.404260
0.463618
-0.184787
0.697436
-0.129250
0.350728
1.235297
-0.363250
-0.411690
1.818918
0.309198
1.084772
1.431415
-0.268793
0.527270
0.925912
0.947527
0.052229
1.987676
0.353282
0.104347
0.567203
-0.874859
-0.327593
-0.485007
-2.078110
-0.193010
-0.841362
-0.126616
-0.497844
0.118631
0.330244
-1.040373
-0.113781
0.657175
-0.001169
0.244452
-0.003622
1.368637
2.124186
2.824559
0.688370
0.172363
-0.586630
0.189682
0.762150
-0.312287
0.114765
