0.000000
-0.128344
0.049651
0.610664
-0.060710
1.035993
-1.104824
-0.076665
-0.080598
1.691929
0.305342
0.851771
-1.436775
0.438142
1.055091
1.421835
-0.732766
-2.399236
-0.073892
0.014309
-0.158474
-0.675813
-0.164671
-0.500370
-0.272424
-0.820656
0.519421
0.529030
-0.352481
-0.025840
-1.165642
-0.513736
0.468966
-0.597940
0.853284
-0.315832
0.749899
-0.115682
-0.565839
0.330121
1.552867
-0.423646
-1.380435
0.424204
-2.704490
0.142626
0.071404
0.189005
0.331934
1.366538
2.428777
0.627751
-1.626370
2.301679
-1.486450
0.853505
-1.401002
1.185320
-2.100701
0.047464
-0.473880
1.160091
-0.038396
0.457482
0.887603
0.020540
-0.431836
0.250136
0.076504
-0.235351
-0.805956
-0.819836
-0.554960
-0.168480
0.312125
1.910399
0.662720
-0.748404
-0.316978
0.156273
-1.464369
-0.116137
0.025465
-0.841612
-1.660772
-0.682579
0.610186
0.825326
-0.990659
-0.684465
0.118735
1.089066
0.032561
-0.386912
0.341238
-0.224763
2.599341
0.358128
0.676087
1.561317
1.540514
2.031476
1.948191
1.089744
0.777953
0.990688
0.516349
1.309619
2.038536
2.579658
0.433653
0.326674
0.381493
1.708558
0.812426
1.856790
2.470404
3.733670
2.558160
2.958919
3.475372
2.952440
1.139403
0.304538
-0.288126
-0.888632
-0.261083
0.050782
0.512253
1.180068
1.047504
1.894971
3.028693
3.566651
4.251107
4.307531
3.830035
5.461325
2.176557
3.138985
1.399013
1.018705
1.243370
-0.995348
0.884591
1.179443
-0.899240
-0.924351
-0.196166
-0.144160
0.906818
1.256949
1.249964
-0.148192
0.595458
-0.793142
-0.910391
-0.226905
-2.577154
-3.184307
-3.609752
-2.398914
-1.628940
-0.667066
-1.215877
-0.073219
0.838670
1.974003
2.261797
1.815665
1.078461
0.589299
0.635063
0.495298
1.813360
2.420175
1.445135
3.188933
3.594705
4.442081
2.849681
2.268248
3.714893
1.442865
0.689066
1.154798
1.116563
1.263845
1.689614
1.980841
2.166470
2.592200
2.025993
2.052605
0.153710
-0.261896
0.213291
-0.610574
-0.403627
0.472639
0.110880
-2.042214
-1.374313
0.260574
-0.938008
0.210408
1.243064
0.760962
1.483228
1.138888
-0.015449
-0.911248
-0.090700
0.643338
-0.698314
-1.513592
-0.870170
1.276770
-0.662517
1.235023
-0.287510
-0.606552
-0.337270
0.171728
1.640195
-0.051920
2.251038
-2.739687
-0.185497
-1.141267
0.911269
1.046415
1.384288
1.762322
1.314060
-0.305615
1.541165
0.784539
-0.652912
-0.850224
-0.382139
0.075133
-0.517790
0.742925
1.699209
-0.287801
-0.289143
2.146055
0.927120
0.094062
-1.357047
-0.720484
0.415973
0.393273
0.177814
0.838710
-1.867105
-1.744314
-0.427148
0.887666
0.301763
-0.259370
-0.438745
0.556587
-1.172518
-1.005572
-0.057379
-0.462756
-1.211200
-0.954307
2.360731
-0.050978
1.130264
0.352363
-0.473955
-1.134108
-0.305837
-0.625815
0.324896
0.603263
-0.872419
-2.439050
0.969616
-0.391675
-0.180648
-1.695327
0.300022
-0.676947
1.473125
-0.065577
1.076407
-0.158981
0.798348
2.064006
4.055938
3.935353
3.071720
3.559447
2.931885
0.460090
1.815249
0.691375
-1.252860
-1.083709
-0.120765
-0.095021
-0.027372
1.078862
-1.176203
-0.944825
-0.541098
0.254239
0.642191
1.230916
0.445528
0.667836
-0.503174
0.629775
2.216029
1.420537
2.136082
2.647441
1.241168
2.067544
2.129090
0.800231
-1.274602
-0.418675
0.555907
1.602489
1.548981
0.483620
-0.624724
-1.325561
0.112614
1.423746
2.921810
1.966466
1.839244
1.725816
0.653001
0.262443
-0.007075
0.622699
1.948127
1.663135
2.032443
2.061940
1.541547
2.485629
0.665659
0.116007
0.373518
-0.223018
-0.384836
0.015329
-1.128133
-2.517533
-0.948586
-1.533185
-1.669750
-0.398621
-1.247829
-0.878037
-2.339664
-0.808522
0.474971
-0.830927
0.299604
1.247041
0.284232
-1.304292
0.026973
0.294676
-0.440033
-0.564391
0.330894
0.650364
1.667351
0.896499
1.023665
2.161687
2.438324
2.659515
1.765692
0.547201
0.766304
0.587181
1.085652
2.717794
0.860968
-0.093242
-2.237486
-0.131079
0.812717
0.333275
0.718278
0.224184
-0.244580
-0.167468
0.089941
1.946046
0.708688
0.027037
-0.855617
0.494876
-0.959928
0.432119
1.060377
1.154424
-0.987937
-1.958081
0.623831
0.167960
0.407475
0.459491
2.068144
0.526485
-1.619951
-0.746691
0.291519
-0.712243
1.055762
0.913749
1.368296
-0.222213
0.266699
0.309750
0.510246
-0.102010
1.737152
0.156021
-0.710407
-0.657327
0.719380
-1.030346
0.228277
0.642052
-0.665200
0.228500
2.033862
0.016652
-1.522937
0.279497
0.105248
0.332097
1.512335
0.193625
-0.675856
0.755025
-1.628091
0.577269
-0.449905
-0.132775
-0.475911
-0.928573
0.045551
1.903089
-1.168878
0.614351
-0.364398
-0.922208
1.647012
-0.498872
-1.208825
-0.343454
0.765597
0.461298
-0.351191
0.393207
1.770522
0.009965
0.398107
-1.655058
-0.389969
1.826409
-0.226735
-1.191136
-0.286876
0.450626
0.016360
-1.732860
0.091169
-0.922810
0.282448
-0.698655
0.111939
0.737125
-0.143396
-0.884737
-0.045241
0.952603
-0.045871
0.457416
1.535459
0.029182
-1.588501
0.139121
0.288194
0.965040
-0.796625
-0.019393
-0.682514
-1.485947
-0.389910
0.086892
-0.900859
-0.621990
0.847338
-0.553420
1.888024
1.258618
2.088315
2.525563
2.959822
0.845101
2.268076
1.178365
1.945540
0.835346
1.783474
-0.127749
0.656932
-0.784652
1.219542
-0.405922
-1.895839
-2.560308
-3.148923
-3.850804
-4.704485
-3.929368
-3.410418
-2.509235
-4.542293
-4.816825
-3.226277
-3.456286
-3.028406
-3.245929
-2.627059
-3.050881
-4.484403
-4.053613
-6.131005
-4.329212
-6.392305
-7.580628
-6.803440
-7.354555
-4.805927
-4.277592
-2.320717
-0.633935
0.799779
0.188279
-0.809380
-1.038687
-0.199950
1.199407
1.319987
2.039314
1.543274
1.933244
2.133677
2.590195
2.594023
4.225439
3.547200
3.801681
4.497694
4.550150
4.403527
2.715673
1.736043
2.167337
0.799092
2.851151
3.172742
3.371563
1.838677
1.786362
1.938126
4.301024
2.908847
2.098750
2.589651
1.433976
2.454514
1.001187
-0.242984
-1.320002
-1.284468
-2.091168
0.336697
1.381863
1.296852
-0.282122
0.778812
-0.962838
-1.253652
-0.637446
-0.367669
0.739615
-1.789529
-0.032091
-0.574456
-0.545347
-1.096490
-0.077278
0.586187
0.640628
0.489178
0.367607
1.271934
-1.302531
0.081904
0.494062
0.615376
0.453990
-0.539084
1.694724
-0.881619
-0.343060
-0.443061
1.973028
-1.367582
0.104528
-0.765561
-0.678715
2.580267
0.471518
-0.918873
0.753071
0.639211
0.959897
0.937594
-0.035528
0.761777
1.801409
-0.635710
0.964148
-0.722170
0.066852
1.088924
-1.474158
-0.314644
2.795427
-1.086910
-0.538526
-0.763757
-0.666252
0.617318
1.673733
-0.168903
-0.310901
-0.331387
2.138422
0.310384
0.558327
-0.953960
-0.777319
-1.592965
-0.014607
-0.642159
-1.581788
0.728728
0.663007
0.485077
-0.174601
-2.643971
-1.859271
-0.951590
0.822343
0.131500
0.735577
0.308590
0.640421
-0.969105
0.467764
0.147053
-0.651898
0.138873
-1.295936
-0.336083
-0.027962
0.181641
-1.343748
1.147094
-1.622729
-0.176756
-0.536026
-1.399340
-0.554915
-0.185759
-1.896331
-1.540034
-3.140897
-2.606270
-1.130277
-0.616421
0.885405
1.577345
0.584203
1.153349
1.098420
1.617011
1.132343
0.296954
-0.352522
1.831291
4.016474
4.100867
3.511453
4.267417
3.726759
3.560099
4.320591
4.291823
3.713230
3.085733
1.046630
1.459367
0.670508
0.427824
1.177543
0.538534
0.414182
-0.713216
-1.504189
-0.586355
-1.057339
-0.854735
0.656488
0.900547
2.348782
0.168307
-0.068631
-0.208023
0.411702
1.410781
2.131439
2.462692
1.843949
1.762521
2.797766
2.529022
2.741762
0.506657
0.778265
-0.790790
0.551552
1.793413
3.612455
4.626315
6.166363
6.185066
3.965264
3.625499
3.225409
2.645718
3.772704
4.015979
3.154846
2.659022
0.573736
1.082358
1.496199
1.004769
4.452654
4.686260
3.582690
1.241365
1.950321
2.390404
2.076302
0.619414
-0.759042
0.542264
1.627223
0.674525
-0.316533
-2.578025
-0.837175
0.768925
-0.390118
0.296695
1.879266
0.518378
-0.301188
-0.238368
0.255685
1.680024
2.476727
1.935333
1.860233
1.688642
2.342248
0.734459
0.085371
2.974245
-0.645691
-0.878620
0.747496
0.955557
-0.897059
-1.354664
-1.502956
-0.700437
2.129949
-2.026189
-2.366820
1.111319
-1.142840
-0.717568
-1.195524
0.540131
0.909547
-0.387553
-1.436586
-1.168532
-1.527581
-0.009737
-1.709255
-0.620208
-1.161510
-0.459753
-0.287275
-0.388743
0.550397
2.607976
1.130334
-1.163774
-0.872572
-0.790335
-0.271172
0.645331
-0.213313
0.945532
-1.947534
0.259368
0.971093
-1.753087
1.114301
0.455972
-0.058780
0.874524
-1.108375
-0.325645
-0.373574
1.032129
-0.253905
0.545716
-1.511502
-0.796260
0.273594
1.374989
-0.499435
-0.903043
-1.037237
-0.246743
0.543024
-0.430848
-0.092040
0.703826
-1.050271
1.609318
-0.238601
-0.188519
-1.196440
-0.300395
-0.876846
1.972378
0.304071
-2.610774
-0.714780
-0.187298
-0.840604
-0.333396
-0.272283
1.962625
-1.361436
-0.980447
0.002843
1.164490
0.044225
1.472489
0.066034
-0.607339
0.165359
-0.545086
0.254902
0.302534
1.270132
1.735599
-0.227283
-0.015351
-0.696396
-0.957543
0.308371
0.335882
-0.511639
-1.094090
-0.555639
-1.490867
0.454253
0.510998
0.768540
0.661943
1.707615
1.949842
2.037672
2.858216
4.365582
2.725120
3.231952
4.510264
5.110588
2.439564
1.872574
1.763295
1.090053
1.151510
0.397913
-0.836806
-0.038666
1.144557
-0.375732
-1.458340
-2.672189
-2.541185
-3.018677
-2.244180
-1.201152
0.428153
0.567746
-0.064471
-0.581097
-0.742171
-1.756375
-1.283954
0.166150
0.180915
-0.917975
0.553520
0.460002
1.282627
2.343968
1.782264
0.451351
-0.680426
-1.044416
0.791125
-0.583761
-0.748205
-1.065590
-1.230681
-0.745476
-0.184559
-1.190784
-1.465327
-1.913223
-3.515721
-4.499434
-2.853338
-4.558782
-4.755151
-5.245710
-4.108192
-1.264471
-1.544812
-0.476328
0.247802
-0.446959
-1.767366
-2.377552
-3.660840
-3.222410
-3.747235
-2.454174
-3.568993
-3.718845
-4.235510
-2.979104
-2.971923
-1.902019
-1.241416
0.536419
0.662841
0.676124
-0.347144
-0.850254
-1.245831
-0.744272
-0.097334
0.605674
-0.801178
-0.241048
-0.126325
-1.821507
-1.444565
-1.959223
-0.941011
-1.571627
-2.051713
1.255458
-1.355048
-1.359739
-0.846286
0.841522
-0.029499
-1.048759
-0.251242
-0.328360
0.430495
-0.028476
-1.337453
0.536837
1.587975
-0.487899
-0.558947
-0.713648
-1.088946
0.554415
0.035016
1.418496
-0.255463
-1.005343
0.313974
-0.811337
-0.940553
0.051832
1.047678
0.505435
-0.403946
-1.547258
0.389353
-0.545563
0.498615
1.484419
1.628967
1.096810
0.966221
-1.403741
-1.145811
0.407044
-0.659776
2.167431
-1.072536
-1.618578
-1.622612
1.559907
1.395487
-0.086609
-0.202173
-0.781658
0.428562
-0.643461
0.275340
-1.379028
0.522034
-1.061793
-3.085597
-0.288070
1.601054
-0.356533
-2.271459
-0.397722
-1.587177
-1.704712
0.894649
0.594905
-1.033106
-0.959422
1.042528
-0.744486
0.098732
0.389148
3.176435
1.175165
0.433618
-0.110955
0.821188
-1.099376
0.605272
-1.691677
-1.515748
-0.066812
-0.633918
-0.835257
-0.935822
-0.025916
-0.570891
-1.534663
-1.666263
0.646456
0.466869
-0.226204
0.854692
-0.534880
2.103617
0.882850
-1.070664
0.163489
0.547429
1.833994
1.415330
1.264281
0.427359
-0.612419
-0.003244
0.317386
0.697480
-0.153303
1.059516
-0.185838
-1.117043
-0.236949
1.041314
1.163531
1.230822
1.105471
3.389346
1.948927
3.950528
4.245181
2.673558
2.176640
1.177427
-0.115218
0.367754
0.187429
0.385552
0.017858
0.821051
0.839394
0.467517
-0.106842
-0.193689
-1.206964
-2.790578
-3.581361
-2.587828
-1.593094
-1.106694
-0.711295
-1.394865
-1.825423
-0.335275
-0.369828
0.392432
-1.158017
-0.035468
-0.533405
0.337958
-0.680037
0.091923
-0.102746
-0.002522
-0.741964
-1.254288
-1.242599
-1.103603
-0.652550
-1.479609
-1.945020
-1.183314
0.093139
-0.387727
0.604541
0.129832
0.724271
-0.802901
-2.523149
-1.945762
-1.813463
0.943747
-2.207386
-2.458561
-1.917199
-1.250819
-0.204103
0.374118
0.419791
0.350746
1.554885
1.617656
1.586415
0.740325
2.366691
3.013217
4.337886
2.268557
3.734766
4.079548
2.718446
0.981630
2.157323
1.908979
1.684245
0.275904
-0.522163
0.130915
0.927659
-0.363921
0.689603
0.933150
-0.717332
-0.054207
1.249708
0.699822
1.015185
0.528448
0.442232
0.659850
0.660409
-0.397072
1.110789
1.204741
1.268150
1.353274
0.256519
0.401352
-1.387888
-0.715335
-1.197422
-0.538320
0.803851
0.205523
-0.315522
-1.446654
-0.914843
1.641624
-2.021941
0.966974
0.427497
-1.209270
1.021542
-0.093493
1.719479
-0.928409
-0.740302
-0.570664
0.061941
1.535031
0.976806
-0.470973
0.884700
0.590083
0.681516
-0.603437
1.300784
-0.518128
1.148425
0.140519
0.230830
-0.739141
-0.908048
-1.714406
-0.120280
-0.395674
0.522846
-1.525271
-1.440076
-0.502800
-0.229716
-0.260543
-0.118948
0.329791
0.990767
-0.653404
-0.322517
-0.944473
0.213312
-0.791045
0.368903
-0.272796
-0.817287
-1.220828
-0.588542
-0.661676
-0.338138
0.807543
0.690630
1.380785
1.189260
-1.981655
0.150865
-0.737926
0.308936
1.173742
0.253469
-0.435817
-1.257144
0.187995
0.226525
0.203416
1.792059
1.920195
1.695346
1.916895
2.332412
2.157012
2.892827
4.094128
2.622797
0.901035
0.262197
0.660685
0.077468
-0.992237
-1.138922
-0.568700
-1.006686
-3.265698
-2.092707
-2.704865
-2.719411
-1.201929
0.376138
0.917477
1.439767
1.278401
0.785200
0.678364
-1.845592
-2.127649
-2.734557
-4.213747
-3.857252
-4.698530
-5.190716
-5.449272
-4.951429
-4.664029
-3.877500
-2.638817
-2.013234
-0.351531
0.430798
0.569221
-0.080742
-1.683216
-1.348026
-1.880251
-2.082408
-1.628588
-0.612312
-0.113665
-0.264268
-0.826426
0.613676
1.131779
1.286651
2.077290
2.086095
1.133171
1.780094
1.415671
0.097402
-1.174354
-0.475007
0.507160
-0.412735
0.110772
0.434031
-0.521994
-0.244227
0.125772
-0.171825
-0.491889
-1.542887
-1.354586
-2.061258
-1.873720
-3.147946
-1.998793
-1.300612
-2.096802
-2.244851
-2.555757
-1.598018
-3.324037
-2.754058
-1.745754
-0.853711
-1.080419
0.819110
-0.163619
0.787263
-1.189596
-0.604858
-0.201590
1.916725
2.689361
2.133986
1.653419
0.131968
-1.018956
-0.878823
1.149195
0.520022
-2.607535
0.802957
-0.454625
0.632623
0.223835
-0.874572
1.722353
-1.976854
-0.219201
1.408436
0.692110
1.751645
-0.361642
-0.083422
0.471445
-0.548895
0.108001
-0.776234
-1.831847
-2.370564
0.561554
-0.246816
0.715643
-0.198928
-1.092285
0.132112
-0.030254
-0.308819
-1.538596
-0.771692
-0.568763
-0.171769
0.399169
-0.753336
0.077098
0.997810
0.528729
-0.391028
1.081497
-0.154236
-0.699144
0.176155
1.022733
0.814231
1.565529
0.779552
0.713032
0.267166
0.319671
1.357078
0.188098
0.002847
-0.303976
-0.000491
0.545504
-0.022330
-0.169096
-1.905211
1.024288
-1.373312
-1.541079
-0.508981
0.406414
0.601460
-0.310629
0.562874
1.486580
0.965315
0.880321
-2.376340
0.813199
0.512601
0.451086
0.681349
0.643645
-0.351883
0.614330
-0.872779
-1.946497
-0.055030
-0.170781
0.879470
0.312340
-0.684151
-0.119732
0.500586
-0.141968
-1.183552
0.845997
-1.845232
0.383978
-0.788819
1.457376
-2.859235
-0.442279
-1.830132
-0.933014
-0.597964
0.742343
0.408936
1.821685
1.562032
-1.790349
-1.922207
-0.156847
-0.247620
0.442298
0.903582
0.476287
0.007160
0.795645
0.788372
-0.430853
-1.174220
-1.618230
-0.590512
-0.741931
0.538472
1.521061
1.419658
1.216128
1.067415
1.639556
0.461103
-0.314072
0.585016
0.933279
0.808577
1.356803
0.988494
-1.227006
-0.107296
1.468853
1.912250
2.694644
1.327032
2.082416
2.067705
-0.888662
-0.568276
-0.447582
-1.143580
1.083527
-0.239616
-2.462291
-2.134186
-2.582463
-2.423203
-1.812561
-0.142263
-0.857655
-0.492439
-1.185473
-1.272169
-0.279007
0.423352
-0.826079
-0.924615
-1.187750
-1.100775
-1.593356
-1.423923
-1.031224
-1.638155
-0.956994
-0.459277
1.027652
0.435003
-0.687091
1.540923
1.159538
0.305060
-0.876615
-0.718989
-0.344124
-1.266462
-0.137395
-0.736252
-0.842932
0.004994
3.059912
1.314114
1.211813
1.842200
1.268531
1.727708
2.656243
1.882048
2.097286
1.491828
0.390949
-1.350028
1.643273
-0.682225
0.120123
0.906859
0.170627
-2.677751
-0.508117
-0.472049
-0.920410
-0.084777
-0.867311
-1.289088
1.028066
-0.289734
-0.135960
-1.676221
-0.616790
-0.183042
-0.556636
-1.881720
-0.810181
0.475933
0.246439
0.596715
0.795734
0.846628
0.320947
0.254921
-0.532797
-0.252352
-0.773574
-0.449460
0.073081
0.785284
-0.687594
-0.987742
-0.877082
-1.680935
-1.860546
-1.895323
-0.251625
0.486951
0.074566
1.118406
1.677317
0.926553
1.883025
2.026917
0.186426
-1.258054
1.014378
-0.778812
1.629105
-1.264871
-0.480609
-0.152522
0.291673
1.193528
-0.478061
0.144713
0.637386
-1.049409
-0.031253
0.484364
0.070139
0.630072
-0.946362
0.082872
-1.385359
1.778020
-0.240919
1.294899
0.200721
-0.506508
0.370329
0.493826
0.361148
0.159564
-1.570870
-0.093154
-0.714776
-0.370361
1.925766
-1.259023
-0.228875
-1.790877
-0.103593
0.288946
0.246856
-0.911420
-0.973437
-1.756296
-1.843599
-0.033310
0.236085
0.860797
0.895983
-0.258070
0.316058
-1.011748
-0.047361
-1.309650
-0.345059
-0.407026
0.166877
-1.436831
-1.482165
-0.811675
-1.406483
0.530044
0.642241
-0.778074
-0.271636
-0.329496
0.027976
1.623607
1.391658
1.590311
2.054551
0.954152
1.979907
2.400463
1.792824
0.936444
-1.306617
-0.341265
1.151470
0.390741
-1.423328
-0.828834
-2.424259
-2.291832
-1.094423
-0.913216
-1.701384
-1.419201
0.804454
-0.467125
-0.931539
-0.939241
0.398287
-0.458704
-0.641637
0.466282
0.427668
-0.736198
0.383164
-1.208002
-2.389622
-2.008744
-2.400334
-2.711686
-2.169827
-2.071947
-2.707486
-3.812602
-5.214821
-4.820301
-2.806862
-2.350159
-1.071199
-0.695048
-2.335137
-1.931549
-2.000071
-1.102671
-0.510415
-1.731800
-1.472320
-2.249359
-0.519788
-0.127796
-1.206295
-1.145476
-1.272445
-1.144960
-0.366269
1.721965
0.894288
1.724244
0.428151
0.305224
0.932350
0.011273
-0.012350
0.209821
-0.143456
-0.741718
-0.844564
-0.775428
-0.628630
-0.387626
0.788565
-0.671870
-1.353470
-2.413897
-3.254726
-2.974762
-2.965146
-3.747744
-2.794818
-2.930920
-3.337080
-1.707381
-1.235140
-1.159690
0.220177
-0.196963
-0.567742
-0.180007
0.376396
-0.152088
1.074214
-1.711036
-0.286207
0.526998
1.188563
0.761063
1.263767
-0.139947
-0.422750
-0.993026
-0.230765
0.628469
-0.074149
-0.301471
0.111788
1.411059
-0.847403
0.908579
-0.207380
-0.153091
0.659999
-0.004630
0.906280
1.481270
-1.750680
-0.138909
-1.919675
-0.950778
-1.631501
1.091194
-1.502349
-0.385468
0.092011
-1.003451
-0.653830
1.003046
0.141192
2.127274
0.906951
-0.018231
1.737157
-1.238273
0.182555
-0.131836
-2.250820
-0.845174
-0.682154
0.406006
3.523336
-0.836479
-0.103698
-0.890319
0.260541
-1.925326
-0.827775
-0.006371
-0.361829
-1.350174
1.498825
0.332585
1.730811
-0.935362
1.632673
-0.370575
0.613519
0.892064
0.826655
-0.635607
-0.013453
0.104273
0.749800
0.588046
-1.646114
-1.210144
0.383419
0.348559
-1.309684
-0.907173
-0.565241
-0.681984
0.461077
0.039787
-0.358774
-0.347772
0.024508
0.316784
-0.114389
1.348784
1.027285
-0.737143
-0.873001
-0.480458
-0.519473
1.639583
2.949045
1.118053
-0.403913
0.005125
-0.033588
-0.578387
-0.816579
-1.501088
-0.145732
-0.961508
-1.383218
-0.524656
0.521199
-0.529626
-0.161807
0.453187
0.113793
-0.358331
0.109677
0.583113
0.802124
1.657543
2.228505
2.747488
1.435348
1.583047
2.137891
1.963872
2.207031
1.783152
1.960119
2.472245
3.435990
3.820517
4.080686
3.528220
0.649056
0.509286
-1.443548
-1.508367
-1.860975
-1.965089
-2.287966
-1.693031
-0.663140
-0.357532
-1.640589
0.919283
1.977921
2.389007
2.204729
0.568510
1.109932
1.565035
0.307158
0.712892
0.816969
1.268240
0.901257
0.693513
-0.915849
-1.118085
0.397559
-0.603318
-0.102645
0.782045
1.034966
1.451143
1.359426
0.730943
-1.759649
-2.724830
-3.296948
-3.599502
-2.986815
-3.694921
-4.465359
-3.319975
-2.246807
-2.798251
-4.102210
-3.793096
-3.770944
-3.426422
-1.478522
-2.654170
-2.398046
-1.676525
-1.802809
-0.380634
0.104163
-2.386275
-1.287008
-0.807085
-0.818769
-1.495678
-1.082614
-2.247697
-3.040200
1.189516
1.164774
0.991796
0.750640
0.292876
-0.312960
-0.891356
0.076914
0.496189
-1.402728
0.156206
0.856915
0.236739
-0.645990
1.457899
-0.079799
0.819684
-0.469709
1.504491
1.123791
1.825360
1.835063
1.228260
-0.390142
1.279401
-0.850844
-0.741931
1.288522
-0.484209
0.516130
-0.431558
-0.180983
-1.577919
-1.169472
-1.001509
1.373009
-0.550266
0.052392
0.735317
-0.157614
0.038688
-0.384873
-2.334685
-1.116944
-0.524456
0.952189
0.140348
0.267728
-1.876895
0.405570
0.756209
-1.739078
0.025645
-0.023866
-0.956074
-0.389113
-0.121748
1.037524
-1.226665
0.895745
1.258094
0.610338
-1.216511
-0.524976
0.569592
0.545289
0.212076
-0.322858
0.219201
0.698370
-1.161391
-0.952027
-0.704274
0.140807
0.487835
-1.008051
-1.267645
-0.174354
-1.018211
-1.230217
-0.026342
0.991387
0.360536
-2.112768
-0.325452
-0.280529
-0.200698
-0.698340
0.805317
0.596602
1.512257
-0.184460
0.210460
-0.207972
-1.280791
-1.180345
-1.990872
-1.234845
-0.543645
0.182719
2.431808
1.666859
2.213150
0.958520
1.388393
3.308898
3.749059
3.773271
2.999550
1.321037
1.928477
-0.436455
-0.116458
1.066894
-0.980510
-0.193887
-0.872268
-2.683442
-2.069576
-3.263769
-2.911571
-0.349177
-0.411400
-0.129146
-0.842149
1.131762
2.149865
3.024043
2.766020
2.988604
2.678390
1.725353
0.734944
1.424490
0.620571
0.998398
0.044054
1.012217
-1.655475
-0.067888
-0.168268
0.361616
0.679952
-0.530504
0.939315
0.890633
0.663328
1.435877
1.413823
2.006248
2.370430
2.813083
1.362715
0.024589
0.047016
-0.427109
-0.179207
-0.546284
-0.643381
-1.438467
-0.652625
-2.027701
-1.887993
-1.743726
-2.641914
-3.382567
-2.051065
-3.202654
-2.938690
-4.022244
-4.427003
-2.381558
-2.763304
-2.786927
-2.007991
-0.077735
-1.382516
-1.038610
-1.651275
-0.669118
-1.302959
0.915531
1.763455
-0.127996
-0.920541
-0.939926
-0.885924
0.118412
-2.316931
-1.181805
-0.276453
0.109507
0.326692
1.194780
1.270513
1.221293
0.950974
0.260798
-1.587634
-2.339462
-0.542385
-0.568876
-0.154905
0.825680
-1.151877
-0.989814
0.084807
-0.732431
1.919437
0.317772
0.844512
0.807692
-0.776642
0.942257
-0.156607
1.834654
1.155608
-0.675874
-1.196377
1.815252
0.221611
-0.726978
0.602155
0.479356
-0.338239
-1.317707
-0.024577
0.224982
-0.067537
-3.151908
0.869773
0.523582
-2.189512
-0.430152
0.155303
-0.439158
0.440281
-0.219325
0.827604
0.017296
0.013631
-0.302138
-0.166799
1.233239
0.969938
-0.838177
-2.302102
1.427178
-0.411981
-0.663285
0.167649
-2.002098
-0.271665
0.868759
-0.248407
1.039495
-1.276343
-0.670062
-0.337817
1.078326
1.024069
-0.629871
2.065090
-0.414232
0.454293
-2.120619
-3.688817
-0.828659
0.415941
-0.287331
-1.173897
-1.217729
1.254651
-0.180157
-0.624845
1.129741
-0.492927
0.062377
0.615320
0.864556
0.261052
-0.781792
-1.444232
-1.503958
0.809199
0.901080
-1.105281
2.206080
1.608035
0.333702
-0.345166
0.374186
1.247217
1.707493
2.606345
1.874440
1.785668
1.013008
0.038071
0.396254
2.024619
1.249185
0.826003
0.863986
1.157200
0.245378
-0.980612
-0.360267
-1.747587
-2.149615
-2.356227
-1.920743
-1.846349
-2.207849
-0.626467
-1.449643
-1.047146
-2.196689
-2.562317
-2.618064
-3.678540
-3.801732
-3.750358
-2.610969
-2.596413
-2.125837
-2.044604
-1.072708
-1.424363
-2.427321
-3.419218
-3.215831
-3.691300
-3.181542
-3.607222
-2.045855
-2.400039
-1.496855
-2.110302
-2.151875
-0.894221
-0.193659
-2.375665
-4.453583
-3.169543
-2.935101
-2.816381
-2.857795
-2.453528
-1.021675
-0.252974
-1.500973
-1.315006
-1.701014
-0.866696
-0.018143
0.914380
1.802045
0.466662
-0.465755
0.329891
-0.231703
-0.513234
-1.276383
-2.116912
-3.289081
-2.478064
-0.354330
-1.240597
0.153413
-0.597097
-2.162106
-1.307144
-0.208286
-0.920991
-3.175441
-2.535754
-2.470778
-1.820360
-1.197413
-1.855282
-2.026290
-3.160147
-2.438693
-1.274801
-1.476051
-1.446989
-0.516624
0.941450
1.290046
-0.291690
0.555641
0.218179
0.745125
-1.797825
0.061778
0.134848
0.518434
0.937893
-1.011359
0.468103
0.318360
0.994213
-0.108464
0.577704
0.860397
0.049064
0.863963
0.134887
0.363632
1.828429
0.724518
-0.221540
1.542658
-0.339268
0.414808
0.107948
0.301823
1.327292
0.514677
0.304321
-0.669541
0.071663
0.093037
-1.130408
-0.303485
1.149075
-1.063713
-1.291854
0.486276
-0.043076
-0.396686
1.441086
0.471135
-1.262126
1.068474
1.037572
-0.520773
0.498295
-0.700551
-0.271731
0.361345
-0.324596
1.222505
-0.703459
-0.732429
-1.300906
0.553221
-0.254701
0.127898
-0.791557
-0.979653
1.661202
0.253320
-0.449865
-0.629946
-0.853149
-1.511211
-1.111256
-0.361464
-0.752373
0.106842
-0.091717
-2.944925
0.802208
0.985088
1.115024
0.930252
-0.680398
1.523342
0.164289
1.259205
1.358308
-2.146502
-0.901587
0.881604
0.992220
-1.961853
0.426558
-0.230714
-0.672101
-0.945800
-0.173120
0.843664
1.096378
0.442452
1.383139
-0.270268
-1.814974
-1.224564
-0.084727
-1.221472
-2.438344
-3.392204
-2.935340
-3.632432
-3.197561
-3.419769
-3.693974
-3.819944
-4.085727
-4.074690
-3.874344
-2.284920
-2.100226
-2.429161
-3.752072
-2.887346
-4.624819
-3.996886
-3.849531
-4.300850
-4.028633
-2.347253
-2.704720
-0.922037
-0.790559
-0.905165
-0.016687
2.135132
2.547966
3.413584
3.584784
2.510516
0.498874
-1.351286
-1.092786
-0.655862
-0.290788
-1.114804
1.236843
2.284925
1.350350
0.062671
0.085574
0.680052
0.588853
0.919533
0.512185
0.748912
0.305667
-0.602454
-1.423300
-2.960275
-3.327575
-3.669471
-2.802822
-3.529512
-4.192009
-4.869127
-4.509078
-4.435325
-3.449577
-3.184122
-3.931835
-3.368928
-3.077818
-4.000777
-4.306083
-4.545772
-4.510276
-4.084586
-4.596094
-4.321222
-3.066767
-3.548010
-3.394616
-3.730757
-3.321399
-1.781603
-2.140073
-1.611525
-2.776674
-2.359151
-2.170854
-2.202797
-1.601885
-0.262260
0.333741
-0.501770
-1.493798
-0.021637
-1.315451
0.325699
1.074630
0.879378
2.211831
2.251165
1.089610
-0.584836
-0.965915
0.334511
0.306093
0.583035
-0.812998
-1.195041
-0.202145
-0.327175
-0.901832
0.872260
-0.550046
-0.892464
-1.253753
-1.565133
0.487780
-0.672686
1.614850
-0.703855
-0.353843
-1.285158
0.091039
0.699904
-2.923118
0.056594
-1.341007
0.503066
1.373086
-0.379561
-1.093687
2.316957
2.491618
-0.714825
-2.093116
0.638153
-0.956367
-0.201461
-0.597208
0.613187
-1.163348
-0.025379
-1.493249
-1.026013
0.417961
-1.119071
-0.185336
-2.211114
0.505983
-0.277041
-0.957938
0.868536
-0.758822
-0.123760
0.089088
1.702384
1.462817
-0.209171
-0.631321
-0.921821
1.388952
0.808055
0.333210
0.545285
0.668239
0.043819
-0.475969
0.144854
-0.196488
0.488328
0.750820
0.189476
-0.503680
-1.116746
1.356455
1.447513
-0.327018
0.029725
0.015560
0.339247
-0.915856
-1.345512
-0.939935
0.401203
-0.739317
-0.473781
0.469075
0.003566
0.281043
0.397639
-0.585420
0.860815
0.577668
-1.982104
-0.725703
-0.057899
0.110362
-0.149209
-0.570422
0.667108
1.553340
0.990186
1.131779
0.376088
1.394204
-1.415659
0.113793
0.045754
-0.275984
0.728322
1.716662
2.467281
3.909424
3.040421
2.490339
1.848728
2.133330
1.220713
2.192015
2.485156
4.052749
3.318332
3.591519
3.563077
3.940107
3.229322
1.725888
0.372482
0.334841
-0.888807
-0.021610
-0.064038
0.852554
0.455726
2.436374
1.671928
0.579981
0.744097
0.050107
-1.785316
-1.866809
-3.301456
-2.765321
-0.952711
-1.164140
-0.822517
-0.208004
0.365711
1.045927
-2.149862
-2.059725
-3.557087
-2.281407
0.011921
0.157584
-0.522849
0.340919
2.025385
-0.207550
1.175053
-0.263706
0.498950
-0.175067
0.517129
1.432105
0.499267
1.356082
1.582709
1.845436
0.418305
1.037231
0.111928
-0.320668
-1.135517
-1.376877
-1.549217
-2.019242
-1.327348
-0.137279
-1.564683
-2.025856
-0.927127
1.440486
0.310237
-1.037331
0.003324
0.107977
1.915536
1.227393
0.418094
-0.710651
-1.521229
-1.223849
0.078423
0.045959
-0.277821
-0.587102
-0.057134
-1.782517
-1.808170
-2.940115
-2.075991
-1.303290
0.459768
-0.738650
-0.499955
-0.856418
0.662772
-0.963872
0.651509
-0.141798
-1.325371
-1.321674
0.186137
-1.519061
-0.705991
-0.086249
0.704222
1.398814
1.376687
-0.039570
0.060397
-0.011128
0.422716
3.108052
2.088194
1.660317
-0.812676
-1.129362
-0.033474
-0.868823
1.737083
1.249570
-1.427925
0.887468
1.849417
-0.096586
2.747346
-1.854238
-1.204898
2.291840
-0.111400
0.981385
1.392199
0.526635
1.461475
-0.958128
-0.145034
2.771915
-1.009837
-1.156779
0.681061
0.386549
0.238327
-0.995530
-0.653209
0.820286
-2.862558
-0.578000
-0.263699
-0.279043
0.155808
-1.403539
1.505980
-0.575916
-0.729329
-0.085524
1.004021
-1.064580
-0.123188
0.605376
1.960412
0.402234
-0.434352
0.732190
0.710288
-0.758193
1.354459
0.609924
1.051334
-0.455981
0.409605
-0.372647
0.796456
0.949264
-0.143064
0.913750
0.515946
-0.973093
-1.952169
0.850577
2.197965
-2.519136
1.098801
-1.825532
-1.721675
0.133846
0.156356
0.634760
3.162737
4.038441
3.674473
2.770792
3.575432
3.784412
3.281638
2.494057
0.968431
0.133021
1.294807
1.621054
3.646196
2.954080
0.999433
1.467528
0.601252
0.230809
0.120870
0.281388
0.511720
0.819849
1.394056
1.522157
0.092592
0.999133
1.873285
2.087985
1.623323
1.071031
2.136419
0.856197
-0.735260
0.212264
1.229508
2.164783
1.372187
3.089668
2.124949
2.645896
3.129984
3.227453
5.101655
5.780841
5.781909
5.614238
4.355369
3.484493
2.545188
2.230727
2.897126
5.213987
5.580688
5.238902
4.302820
5.523811
5.690060
5.566259
6.216086
7.130625
6.977143
4.250050
4.093813
4.430733
4.894272
6.295231
6.451320
6.767134
4.023268
3.606626
3.094499
1.038764
1.558110
2.350046
3.917425
2.119276
3.122823
2.643157
2.121429
1.092218
-0.085571
0.175740
0.927965
-0.127280
-0.671715
-1.504541
-2.662407
-5.651610
-5.842121
-7.322581
-6.773640
-4.289761
-5.315755
-4.515506
-4.091745
-2.023462
-0.544110
-0.405129
1.509928
-1.066082
0.277304
0.282769
-0.185564
-0.383950
0.005283
1.015035
0.940872
0.988490
1.514639
2.828329
1.045102
-0.904636
0.023578
0.109526
0.096788
-1.235368
1.082332
-1.253460
-0.313227
1.366404
0.021866
2.334253
2.191015
-0.102116
0.955537
0.945043
-1.877330
0.041981
-0.223458
0.383863
1.869053
-0.864180
0.724612
-0.039682
-0.270411
0.265464
-0.392505
0.895264
1.110122
0.371739
-0.511399
0.046994
-1.553776
0.280676
0.126207
0.555266
-0.155362
0.604906
-0.175496
-1.221777
-2.063931
0.619327
0.522460
0.431268
0.688653
1.033159
1.108992
1.001367
-0.789394
0.095347
0.011543
-1.561858
-0.541065
-0.902385
0.206553
-1.847223
0.509231
-0.082170
-0.344624
0.034002
1.390638
-0.537107
2.063126
0.793056
0.286514
0.123267
-1.917739
-0.626139
1.261225
0.926145
-1.756016
-0.674302
-0.965629
0.170532
1.685235
0.378421
-0.312472
-1.518006
-1.389943
-0.244996
0.244808
-0.099983
0.143201
1.005439
-1.258536
-1.220578
-1.289631
1.315550
0.594742
1.512780
1.077492
0.522913
1.412811
1.654147
1.896863
1.263883
1.575317
3.454458
2.850120
1.980413
1.351553
1.757075
0.975593
0.230604
0.228604
1.305499
1.229022
1.139602
1.104992
0.155166
0.193475
0.774045
1.001115
3.306253
3.249602
1.271973
1.285819
2.528489
1.913743
2.001652
1.205860
1.924861
1.994584
0.535069
0.893277
1.290598
2.664282
1.694152
1.457314
2.272248
-0.182776
-0.206956
-1.741434
-2.470117
-2.213835
-2.925124
-1.558529
0.332854
0.014973
1.520239
1.170839
1.405248
3.087990
2.535290
2.604448
-0.158841
-1.162722
-0.255824
0.594997
0.587528
0.981450
1.124709
-0.259484
-0.510273
-1.361207
-3.031721
-2.821931
-3.031923
-1.018040
0.019854
-0.124832
0.234429
0.903274
0.770705
-0.106851
-1.050856
-0.421772
-0.785064
0.611526
1.485760
1.502719
1.124459
-0.627920
0.491753
0.124233
0.741811
-0.284275
0.326900
1.422837
0.106548
1.748814
-0.122238
0.563762
-1.455885
0.201447
0.990987
1.147107
0.006391
-1.743368
-0.423683
-2.030275
0.489485
1.635985
-2.742725
-0.032784
-0.436734
0.469873
0.863621
0.609493
-0.701466
0.062448
0.191759
0.275294
-1.394178
-0.178351
-0.610621
-0.633850
-0.194001
-0.840306
-0.802283
1.084239
-1.174742
-1.198245
-0.448963
0.653843
0.569362
1.733858
0.698174
2.478455
1.588345
-1.064441
-1.104980
0.038606
-0.655315
0.824511
-2.062819
-0.463655
-0.804461
-0.460398
-0.616115
0.252868
1.477042
-0.848418
1.376752
3.719062
0.248678
-2.122330
-0.241168
-2.048996
0.526052
0.245111
0.049744
0.722287
1.159440
0.459578
1.184342
1.918705
0.706100
1.599071
-0.408293
-0.874214
-0.045457
1.669864
1.051093
-2.298656
-1.840579
-0.797253
1.282339
-0.214310
-1.268455
4.082477
-0.447051
0.301533
-0.143153
1.008474
0.674213
0.603143
0.603147
1.556474
-0.117578
-0.532309
1.006278
-0.006535
-0.252541
0.439158
0.891255
1.007985
-0.159490
0.208002
-1.204708
-0.319831
-0.696648
-0.242815
0.250033
0.172476
0.089723
-0.109511
0.170665
1.020074
-1.149021
-0.281007
-0.470074
-0.190463
1.736955
1.028041
1.029435
-0.260402
0.324461
-0.044772
-0.011701
0.339703
1.309336
2.178093
0.172351
-0.652141
-2.223996
-1.721043
-2.079342
-2.909012
-1.233633
-1.418154
-1.896040
-2.439561
-1.322272
-1.296176
-0.150384
0.056417
0.332817
-2.700686
-3.073626
-3.135737
-2.197158
-0.728092
0.027647
0.552492
0.072735
2.713614
0.597223
-0.728721
-1.508407
-1.077024
-2.219310
-1.746494
-3.081754
-3.242599
-1.820670
-1.411042
-2.476543
-2.626419
-2.331969
-1.678644
-0.700636
-0.180726
0.961369
0.951284
-0.362476
-1.306361
-3.646066
-2.372184
-3.851601
-4.086474
-4.162025
-4.041196
-4.466283
-4.483096
-4.380466
-2.484163
-1.341974
-2.235902
-3.281496
-3.647730
-2.052815
-1.390372
-1.470605
-0.299068
0.620921
0.437734
1.574247
-0.386498
0.437456
1.102089
-0.312146
0.633914
2.193232
3.753342
1.459558
0.424737
1.380766
1.663501
1.967613
1.600482
-0.253860
-1.977384
1.334322
0.166884
0.148358
-0.171975
0.570910
-0.114762
-1.166998
1.706852
1.089112
-1.691246
-0.234135
0.716588
-0.759062
0.318531
-0.143637
-2.256795
0.166912
-1.890671
0.003999
-1.465488
-0.244680
-1.958948
-0.893942
1.642288
0.343320
0.648542
-1.135835
-2.188804
0.428152
0.799832
1.254455
-1.134513
0.347411
-0.031061
0.947070
-0.105875
0.129271
1.470590
1.387028
0.042888
-1.681084
-0.701377
0.313653
-0.264879
-0.295903
1.952115
0.650676
-0.655968
-0.250252
1.090003
-0.944111
0.538216
0.615402
0.386699
0.362131
0.139683
-0.282697
1.008978
0.608254
1.200001
0.951639
-1.090376
0.278093
-1.993646
0.323205
1.244724
-0.794105
-1.173221
-0.067304
0.218729
-1.989964
-0.108600
1.547753
0.202887
0.498583
-0.704294
0.834075
0.427876
0.424800
-0.296529
-0.966910
-0.213182
-1.231114
-0.689962
0.463959
-0.177116
-0.087721
1.494256
0.341235
-1.005952
-0.044006
-0.531783
-1.069647
1.207211
1.068714
0.129729
2.757466
1.183621
0.504565
0.696007
1.046105
1.758116
1.771923
0.976883
1.195508
2.075229
2.732113
4.198068
3.836097
3.813029
4.511214
4.571536
5.135952
5.324390
2.791778
1.535680
1.339889
1.460691
2.420929
1.052837
1.589939
1.303573
1.782286
3.207456
2.402880
1.743352
0.211494
-1.981332
-1.129304
-1.896703
-1.709393
-1.032189
1.601834
2.809647
2.743942
1.549636
0.147699
1.777181
4.789436
5.255502
3.548411
3.090865
3.116587
1.820882
3.356532
4.734401
3.445370
4.685567
2.939847
2.941387
2.305697
1.494932
1.461029
2.337572
1.774413
1.403962
2.300274
3.137841
2.900974
2.379754
3.308591
2.579225
3.395192
2.673419
1.014792
1.595949
2.532634
3.741910
0.183467
-0.648907
-0.466415
-1.448797
-2.852887
-2.491144
-4.151529
-4.072405
-2.930224
-1.426260
-1.743453
-3.266380
-2.804755
-2.490817
-2.555566
-2.702037
-1.347620
-2.196560
-2.213710
-2.382953
-3.480049
-2.071328
-1.620123
-1.509788
-2.431234
-1.642375
-2.884861
-4.102553
-5.344312
-5.187935
0.584237
-0.220138
-0.359768
-1.128417
0.823012
1.087650
-0.767165
2.134941
-1.751845
0.447028
0.680767
1.683226
0.469760
-0.057884
1.447015
-0.819442
0.937800
1.203181
0.794136
-1.231413
0.900876
0.174411
0.531562
0.653612
-1.042274
1.693751
-0.529179
-0.835083
-0.411220
-0.353303
0.082658
1.140553
0.336858
-1.770572
0.311936
0.224964
-1.232191
-0.473713
0.625997
-0.340811
-0.720451
2.187791
2.041874
0.051323
0.164646
1.240436
1.524801
1.290411
0.439095
-0.781596
0.826097
-0.475947
0.426456
-1.790500
0.881798
1.261079
1.696419
1.034292
-0.282518
-0.525713
0.194256
0.603767
-1.340161
1.728285
0.387153
-0.643083
-0.051207
-0.125645
0.697752
-1.447445
-0.013797
1.049146
-0.458578
-1.145847
-0.159388
-2.294158
-0.232342
0.458240
-1.742776
-0.510806
1.035551
0.248756
0.132764
0.702899
2.200991
0.859259
-1.519387
-0.555508
0.945340
0.735628
0.854317
1.038041
-0.771901
1.013014
1.880076
2.317061
1.388428
0.749281
0.783422
-0.190372
-0.041402
2.836752
1.428894
0.153911
1.984887
-0.553478
-2.143703
-2.110461
-2.575264
-2.952754
-4.186010
-3.314096
-2.384485
-2.583154
0.579167
1.778014
0.740135
1.943031
2.966877
3.462552
3.018427
2.723287
2.370136
1.936495
2.685101
3.049766
2.674697
1.184988
-1.255956
-0.639973
-0.780838
-0.641198
-1.582037
-0.526644
-2.002307
-0.495172
0.474870
0.739779
1.198577
0.672743
0.732520
-0.405294
-0.440214
0.649523
-0.445777
-0.433214
-0.339537
-0.904292
-1.022170
1.489703
0.410395
0.885095
2.556118
1.962994
2.465948
2.721082
2.182609
3.205590
1.407840
0.252717
0.707065
2.284002
1.437748
0.898191
0.294980
0.480961
0.901146
1.532422
2.846487
2.273077
3.217728
3.779557
3.291721
2.660785
1.820326
3.716253
4.494461
2.830174
1.449942
2.750996
1.529077
1.424177
1.403367
-0.839205
-1.442678
-0.259857
-1.498033
-0.917742
-0.126606
-0.086835
-0.250846
-0.535087
-1.231864
0.361854
-1.167785
-0.260118
0.731627
-1.536062
-0.084594
0.697815
1.242229
-1.212439
0.377350
-0.007471
0.117976
-0.848560
-1.128846
0.827790
-0.529363
1.109166
-0.231472
-0.104559
-0.932333
1.272889
0.437166
-0.329697
0.821104
0.402102
0.072638
1.108531
0.710416
-1.765266
0.405699
-0.822841
-0.986814
0.325629
0.891240
0.918269
-1.596086
0.193604
0.409668
-1.060696
1.577751
1.096216
0.394401
0.304077
0.354350
-0.418883
-0.168889
-1.224431
0.563533
0.518810
1.569974
-0.336062
1.792558
2.522332
1.224978
-1.505848
0.904426
-0.103316
0.664404
-0.023774
0.091290
-0.090885
-0.222626
0.659495
-0.017387
-0.389881
-0.300756
-1.079911
-0.271199
0.138321
-0.730074
0.156669
-0.413507
1.092460
-1.062115
0.436368
-0.175616
-0.397209
-0.495351
0.383940
-3.045780
0.733533
0.507016
0.510519
1.564711
-0.409945
0.162402
0.191710
-0.627636
-0.173064
0.059784
0.523111
0.335561
0.240900
-1.060986
-1.439516
0.133809
-0.524193
-0.159595
0.909800
-0.517514
-2.145035
-1.925166
-1.027646
-2.299087
-2.624598
-3.217698
-2.839246
-1.977734
-2.345876
-1.970430
-2.662959
-0.616183
-0.120500
-0.759201
0.184821
-0.929152
-1.202937
-1.960002
-2.760339
-1.583165
-1.715436
0.142403
0.671291
0.677218
-0.054986
-0.690251
1.447980
0.235820
0.502374
0.107451
0.600103
0.288762
2.609748
0.311093
0.876644
3.011791
2.669667
1.942929
1.759389
1.276804
1.024309
1.571170
1.425534
2.983643
3.778570
3.324678
3.095943
1.395304
1.360054
2.272898
2.811834
1.322942
0.521604
-1.417927
-3.754000
-4.076843
-3.830369
-2.689820
-2.415238
-1.124180
0.219871
-0.135092
0.714942
2.250995
2.512144
3.155738
2.655166
4.056606
4.060317
3.127072
2.738547
2.054841
3.458987
3.171497
2.888000
2.683226
2.729143
1.929192
1.409752
0.097579
1.728265
0.874200
0.529767
-0.070059
-0.464022
1.978499
2.483181
3.724087
2.607428
2.832289
1.433978
0.280142
-0.534390
0.514641
-0.351012
-0.017682
-1.164272
-0.742746
-1.517865
0.293144
0.231013
-0.326561
-0.745041
-0.789553
-1.649449
1.693441
-0.725412
-0.831827
-1.560749
-0.326630
1.043751
-2.411455
0.689897
1.037189
0.858122
0.020873
1.225573
0.048623
0.235983
-0.017505
-0.248659
-0.268321
-0.037349
-0.005077
0.122962
1.041179
0.612995
1.512030
0.606243
-2.258433
0.112072
-1.595685
-1.474988
-1.256643
-0.645350
0.713282
0.392953
1.615044
-0.499843
-0.172265
-0.882835
-0.364445
2.241439
-0.927233
-0.795419
-1.411042
0.499411
0.137218
0.314324
0.719420
-1.511304
0.261787
-1.187791
0.781322
0.760971
-0.087628
0.798272
1.555891
0.513008
-1.568681
-0.756124
-2.573635
-1.275782
0.451883
0.712421
1.490441
0.111768
0.680026
-1.215103
-0.084538
1.084013
-0.263159
0.839213
0.347792
1.593764
-0.853485
0.182645
-1.213384
-0.200331
1.050479
0.671550
-0.168280
0.569671
1.028599
1.308653
-0.388594
1.176440
-1.481355
-0.906515
-0.921581
-1.352719
-0.354376
-1.275762
2.333754
-0.208944
-0.518690
0.012809
0.139895
-1.680006
0.290073
0.557787
0.481987
-1.334331
0.982041
-1.393524
-0.051173
-0.363510
-1.392467
-2.091413
-1.317205
-0.251604
-0.763963
0.617248
1.469336
0.188390
2.063446
3.153432
2.583672
4.349652
4.686072
4.607249
3.097850
1.782793
1.902866
1.792739
2.224211
1.145842
3.707192
3.787870
3.157964
3.214865
2.803849
3.326877
4.059994
3.577825
3.219339
5.302980
5.276274
5.856924
6.651459
4.536714
3.909096
3.077375
2.486715
1.538871
-0.162811
0.083089
1.010925
1.746829
2.714758
2.502359
1.327191
1.461421
0.854784
0.724933
0.272196
1.409796
1.973539
-0.286142
-0.158644
-0.054079
1.784908
0.603249
-0.915128
0.021694
-0.255066
0.359768
1.024163
1.342806
2.273811
2.391421
1.639934
0.360054
-0.572274
-0.004748
-0.270898
-1.394975
-0.614912
-1.344276
-1.941428
0.417897
0.745554
1.577619
1.110891
1.284936
1.598108
1.474561
0.790751
2.938995
3.926760
3.844629
3.006821
2.235092
2.877355
3.185285
1.930186
-0.130928
-0.707843
-0.380841
-0.212922
0.031535
-0.248027
3.205399
0.354743
-0.215597
0.406981
0.074541
-1.067530
-0.887694
-1.098370
0.834080
-0.520970
-0.852515
-0.176963
1.705298
2.281270
1.937867
0.133803
-0.028966
-0.843654
-1.095082
-0.384514
0.002040
0.000465
-0.643511
-0.279445
1.946884
-0.382131
-0.875671
0.561314
-0.538521
0.206790
1.287647
0.868235
0.556986
-1.317618
0.741512
1.269415
1.098931
2.068699
0.583594
-0.955468
-1.508429
1.556714
0.112346
-0.855589
1.849469
-0.024003
-0.071378
-1.173789
0.012868
-0.873410
1.040966
-0.630650
0.211095
-0.881267
-0.780354
-0.226613
1.000402
0.272928
-0.760828
0.812521
1.217279
0.875162
-0.168779
-2.305318
1.035262
1.288331
0.222322
-0.706295
-1.026454
1.224744
-0.445125
-1.325586
1.352032
1.112627
0.389731
1.101479
-2.661961
-0.513733
-0.409039
-0.698495
-0.521933
0.094575
-0.145852
1.422173
0.931728
0.719201
-0.351205
-0.352477
0.426848
-1.140882
0.264272
-0.209768
-0.476243
1.881482
0.620082
2.243310
0.008833
0.570057
0.929876
2.182262
1.762721
3.271375
3.625537
2.546801
2.588081
3.217904
2.162864
2.120059
1.302389
2.838585
4.360774
5.766218
5.833594
6.454063
8.079075
8.045260
6.755642
7.083718
7.669127
6.143156
4.386957
4.228259
3.836895
5.003555
3.106451
1.084572
1.001230
1.571163
2.061658
0.683550
1.170983
1.764274
0.539559
0.439716
-0.775996
-2.312915
-2.115365
-2.270883
-3.553692
-3.667093
-5.079149
-5.534113
-5.674781
-4.225095
-5.642846
-4.374604
-3.474522
-3.969847
-4.609045
-3.269617
-3.976722
-2.695382
-0.533968
-0.464192
-1.196292
-1.353151
-0.679668
-0.068055
-0.431652
-0.182691
-1.235662
-1.020060
-1.705119
-2.262227
-1.507241
-0.101898
-1.027478
-0.308444
0.874575
1.885228
0.297467
1.543269
0.025521
-0.542170
-1.338158
-0.692967
-0.699708
0.078527
0.213281
-0.733577
-1.956183
-0.746743
0.355044
-0.723957
-1.494960
-0.423128
-0.419638
-0.605435
-1.336582
-2.093636
-2.045142
-1.276414
-2.475569
-3.488212
-4.274985
-4.437966
-3.798205
-4.384057
-3.911313
-2.838275
-1.410398
0.400963
1.350273
0.724446
0.261541
-0.270694
1.007614
0.783823
-0.048612
0.603120
0.482490
0.147225
1.692350
0.109924
0.549654
-0.344141
-0.245548
-0.961789
-0.556163
-0.247101
-0.091891
2.466584
-0.380752
0.331467
0.385653
0.668196
0.395633
1.234991
1.379767
0.604866
2.049107
1.011819
1.050089
0.850793
-1.366922
-0.705245
0.542294
-0.099464
2.780420
0.303623
0.568361
-0.986830
-0.406093
-1.444702
0.067738
0.190731
-1.558070
-0.259832
0.055933
0.547790
0.459842
1.132918
0.518501
0.711375
1.444876
-1.715280
-1.827137
-0.552396
1.005187
-0.882814
0.100257
0.125591
-1.437060
2.042645
-0.602796
1.083085
1.075024
0.142021
-1.199371
1.042398
0.967414
0.685147
-0.695814
-0.836790
-0.031139
-0.414669
2.122803
-0.169468
0.634110
-0.315804
-0.691533
0.163809
-0.167437
0.521061
1.745031
0.004876
0.501448
0.768881
-0.171100
-0.556688
-1.052295
0.640086
-0.283761
1.549219
1.295274
0.438596
-0.211809
0.765783
1.396262
0.251602
0.051185
1.561109
0.821085
-0.564290
-0.169255
-0.315224
-0.179646
-0.484658
-0.987764
-0.635678
-1.692608
-1.859009
-0.835917
0.462185
0.505944
0.676973
-1.157886
0.510754
0.079689
1.282072
1.504102
1.204399
0.440559
0.255032
-0.613635
-0.627371
-0.524315
-0.530713
0.440616
0.063798
-0.499839
-0.511513
0.308120
0.872364
-0.532048
-0.965599
-1.092333
0.900430
0.785576
-0.879327
-1.160136
-1.513086
-1.979799
-2.434354
-3.069864
-3.239781
-3.634960
-2.759041
-2.969368
-3.766989
-1.771786
-0.834790
0.111622
1.429343
1.069023
1.490830
-0.034714
1.158755
1.022490
-0.658000
-2.034613
-3.891424
-3.636970
-3.743873
-4.046098
-4.053021
-4.425900
-2.252252
-3.370190
-1.634125
-0.255540
-0.242348
-0.061146
-0.831052
-1.747622
-0.921561
0.342361
-0.254222
0.092702
-1.262947
-1.890534
-1.399920
-1.764356
-2.091809
-0.841740
-1.775461
-1.758976
-2.731019
-2.078442
-1.053708
-1.240056
-3.305511
-2.438912
-3.687986
-2.536725
-4.106124
-4.128072
-4.634526
-4.201327
0.877310
2.187999
0.047318
-0.020682
-0.166855
-0.585843
0.041773
-1.075514
0.492333
-0.839158
-1.713146
-2.095473
-0.807607
-2.109055
-1.125247
-0.146316
-0.060760
-0.403796
1.832806
2.395753
1.158609
-1.969947
-1.293037
-1.216219
-0.702968
0.860750
0.307856
0.517302
-2.035238
-3.516842
0.196482
0.183516
-0.369531
0.889670
-0.823320
-3.023700
0.160138
-0.467127
1.745272
1.080508
-1.198453
-0.448204
-0.112104
0.471222
-0.165495
0.242783
1.002855
-0.202239
1.070755
0.781439
-0.090182
0.295367
-1.528524
0.892223
-1.441909
0.083944
1.548682
1.693292
-0.138492
1.211174
-0.592215
-0.229369
1.013726
-0.968973
1.117952
-0.762786
-0.324712
-0.711183
-1.048347
0.592833
-2.176644
0.898286
-0.472204
-0.116108
-0.696671
-0.488624
0.154541
-1.854873
1.681281
2.379631
0.121978
-0.902550
-0.406506
1.126403
0.944710
0.837377
-0.631248
-0.290413
0.886690
-0.320980
-0.721243
-1.481743
1.492866
-0.230419
1.352863
3.625447
3.257930
2.843591
0.186755
-0.008007
-0.499643
-1.297567
-1.405988
-0.427829
1.112803
0.335449
0.925063
0.749686
2.122298
1.274911
1.610703
1.905368
0.691714
-0.188719
0.596690
0.496113
0.560912
2.068900
3.162510
2.212951
3.450134
2.748786
1.727746
3.050940
2.762823
4.208303
2.616832
1.806779
2.602645
0.724923
0.673983
1.345129
-0.653961
0.129053
-0.485222
-0.074819
0.532195
0.404965
1.709963
0.890188
-0.547831
-1.142546
-1.175263
-0.884585
-1.158655
-0.496464
1.212810
1.654914
0.864697
1.513592
2.172688
2.412903
3.141007
3.459288
5.326190
5.952217
4.475855
3.919901
4.030622
4.167859
2.629409
2.014786
2.739545
3.595980
3.215983
2.690360
-0.696193
0.054657
1.169885
1.847424
-0.483297
-0.222609
0.838718
-0.806486
-1.986760
-1.073813
-1.588192
-0.556992
-2.018635
-2.414601
-3.088527
-2.891592
-2.202114
-2.344487
-2.236235
-3.460140
-2.461345
-0.166041
0.725935
0.089328
-0.366105
1.619214
0.155840
1.421475
-2.094882
-1.208064
-0.032207
0.158318
-0.646544
0.169300
0.635964
-1.263346
1.622081
1.443266
-0.251779
-0.674087
0.927927
1.618142
0.462766
0.929904
-0.500942
0.408592
2.032572
0.666697
-0.033455
0.020647
1.307339
0.043257
0.614318
-0.285897
1.434236
-0.145568
-0.283626
-0.252993
0.657653
1.535077
0.738585
2.429751
1.625029
2.059804
1.194413
-1.108556
1.388260
-1.381362
-2.546322
1.109847
1.135776
0.278142
0.635915
-0.528302
2.745706
-2.036306
0.927622
0.064167
-0.848372
1.104976
-1.736678
0.679646
-1.172632
-0.883683
0.621087
0.280986
0.593388
0.320332
-0.263700
-0.439065
-0.007310
1.141927
-0.697385
0.021664
0.344545
-0.775301
1.435721
-1.101836
-0.258537
-0.676666
0.698922
-1.301812
-1.251202
1.885630
-0.325120
0.974453
-0.410158
-0.994680
-1.483881
0.549501
-1.258982
1.372816
0.534168
1.754686
-0.318717
-1.234342
0.747185
-1.545553
1.127442
-0.439196
1.273747
-0.255140
-0.490289
-1.900708
1.213877
-0.575026
0.646059
-0.428443
1.480961
-0.111282
0.431199
-0.423210
1.017242
