0.000000
-0.270771
-0.135200
2.305585
0.684456
-0.959999
-1.636899
-0.794791
-0.460830
-0.051442
0.393156
-0.294101
0.574699
-0.296205
1.465767
1.481593
0.501256
-0.092294
-1.023618
-1.712503
-0.267928
-0.220718
-0.846102
0.199264
0.243471
0.739472
0.428621
0.881475
0.870368
0.556001
1.104193
-0.003455
0.906181
0.677698
0.568680
-0.919606
-0.386438
0.649021
0.173397
0.092536
0.421646
-0.018232
0.880338
1.890756
1.723135
1.059386
1.463948
0.781462
0.779456
0.051373
0.733193
-1.607869
0.456803
0.023161
-1.031768
0.039193
-1.127646
-0.081270
-0.253615
-0.443265
-0.361080
-0.121095
0.337981
-0.196652
-0.354206
-0.633539
-0.623547
0.270894
0.282711
1.343976
-0.796282
0.345713
2.456268
1.173294
-0.337401
-0.738110
-1.531586
-1.433346
-0.644297
0.717579
-0.200051
0.047015
2.283550
1.363207
1.062304
-1.876252
-0.607817
-1.111842
-0.310397
0.581056
-0.522456
1.013072
0.036060
0.281811
0.980118
-0.365573
-0.027242
-0.934150
1.282145
0.108989
0.452664
-0.222437
-1.329903
0.223200
-0.358548
0.397785
-0.891890
0.286059
0.561796
3.903216
4.526527
2.597153
1.051602
0.465682
1.246657
3.690712
1.670487
0.096772
-1.163058
-1.570958
-1.202544
-1.249575
-1.163370
-1.623176
-1.611291
0.820455
1.635647
0.917719
1.951123
1.918857
3.021726
3.339889
3.602837
3.668236
2.897894
2.110501
-0.295313
-0.695256
-0.926610
-0.531426
-0.005193
0.381162
-1.415411
-1.779325
0.056012
-1.470235
-0.892696
-0.550676
-0.420198
0.836160
0.504268
0.338514
-0.114241
-0.022221
-0.087766
0.629108
0.191939
-0.233745
-0.882836
0.980305
1.129653
2.325149
1.827128
0.705585
3.206809
2.651078
3.190174
2.596114
3.539848
3.100175
3.233343
3.450321
4.310017
5.002247
3.967958
3.741247
4.562174
4.398521
4.130406
1.834467
1.899042
0.883788
0.753585
2.015502
0.630232
-0.134683
1.126784
0.010457
0.708841
0.305894
0.859689
-0.608976
-0.099018
0.291909
0.073705
-0.698886
-1.170558
-2.125835
-2.329359
-2.039101
-0.928134
0.087666
-1.407912
-0.704810
0.182344
-1.030989
0.261561
1.565692
0.106834
-1.004200
-0.127067
-0.253376
0.415369
-0.654282
0.826722
0.653934
-1.193799
-1.200136
-0.007242
-0.443634
-0.471642
-1.593881
-1.676971
-1.533453
-0.961486
1.218176
2.163741
0.597333
0.146834
-0.510508
-0.712262
-0.803781
0.726397
2.310530
2.091628
0.089013
-1.342560
-0.576295
-1.036445
0.923855
1.182409
1.247666
0.459560
1.144131
1.736380
-0.239391
1.996425
1.518824
1.276478
0.253381
1.078915
-0.089188
-1.101401
-0.955883
-2.145574
1.275922
0.369325
-0.697016
1.038447
0.503105
1.692141
-1.331724
-1.173139
-0.173446
0.542005
-0.228348
0.115194
-0.795736
-0.850385
-0.038356
-0.648320
1.231214
0.352117
1.025553
1.237500
-2.463321
-2.017624
0.097922
-1.444845
1.519622
0.093436
-0.516618
1.193660
-1.309411
0.426003
-1.545942
-1.722147
-0.777531
-0.815111
-1.115239
-0.491970
0.930594
1.377703
-1.805023
-0.295321
-1.269473
1.520134
0.625186
1.146763
-0.299370
0.139517
1.126038
1.011415
0.409735
-0.330687
-1.185272
-1.464746
0.131300
0.629325
0.296735
0.881356
-0.152659
0.207667
-0.293985
0.043751
-0.506250
-0.086463
0.998582
1.131632
0.023457
0.979674
1.437650
2.057531
2.252053
1.845257
2.437823
3.631244
2.115815
-1.301789
0.801479
0.804648
0.677541
1.388811
1.242284
1.577692
2.274137
0.739820
0.727418
0.272189
0.904300
-0.140401
-1.260305
-1.839703
-3.413541
-2.870684
-1.701137
-0.527855
-1.141174
-0.457366
-0.686412
-1.189849
-1.721949
-1.089112
-0.958845
-1.300323
-2.191118
-1.613700
-1.605047
-0.825755
0.223142
-0.355236
-1.620998
-2.072745
-1.602829
-1.224427
-0.443436
-0.414786
-1.018287
-1.480077
-1.341801
-1.631627
-0.717487
-1.158671
-1.100715
0.416763
0.647523
1.295551
0.583271
-0.004067
-0.117676
-0.911789
-0.869262
0.240128
0.381984
1.507902
0.945222
1.281700
1.159011
1.069693
-0.056984
-1.629128
-1.334890
-0.978646
-2.159327
-0.570021
-0.120061
-0.212900
-0.481810
-0.090709
-0.586961
-0.341006
-1.164732
-3.178221
-1.917212
1.242750
0.357004
1.207265
0.294139
0.489871
-0.566015
-0.802789
-1.725493
1.703937
1.203104
-3.317763
0.523741
1.618521
-1.104510
-0.413417
-0.620359
0.096505
1.371930
-0.777730
0.850745
-1.007045
-0.238537
-1.101616
-0.447916
-1.050675
2.348781
0.404399
-1.096780
1.143275
-0.036099
-0.556698
0.176093
1.381099
-0.050191
-0.523348
-0.082890
0.281070
0.184386
0.902195
-0.586913
-0.104479
0.175867
-0.387128
0.061016
-0.079096
-0.126361
0.529103
0.292324
0.154707
2.101153
-0.255957
-1.083421
0.584970
0.806412
1.310770
0.210820
1.720311
0.930668
-0.818020
-1.440117
-0.664693
-0.211155
-0.405675
-1.435231
-0.146592
-2.840312
0.659562
-1.210104
-1.088968
2.613807
-0.154501
-0.278425
-0.889758
-0.656307
-0.378727
-1.226847
-0.618024
0.648171
0.443335
-0.849173
1.483322
-1.353423
-0.190286
-0.823503
0.025412
0.609111
1.166991
0.881196
0.459625
0.868882
0.758218
0.033203
-1.280945
-0.851514
-0.405211
-1.079835
-0.894980
-1.920998
-1.142152
0.209844
-2.431037
-0.202697
0.370653
0.773422
0.724665
1.905837
2.031226
1.872204
2.288980
1.891889
1.793225
0.632005
0.164360
0.643625
1.146246
0.751597
-0.119109
-0.667980
0.299006
-0.344442
-0.605640
-1.122230
-1.793936
-2.320005
-2.270472
-2.320180
-1.266250
-0.968980
0.354689
0.664496
0.042505
-2.180189
-1.882958
-1.979878
-1.091709
-0.789309
-1.097686
-0.032600
0.453842
1.057418
1.066887
1.550714
1.928187
2.362641
2.221004
2.874333
2.654796
3.785936
3.149018
1.079715
1.187671
1.107528
0.945583
0.231627
-0.458184
-0.655119
0.213995
1.110571
0.422083
1.099191
0.545786
-0.604354
-1.737219
-0.386251
0.723226
0.693686
0.326277
0.934872
-1.449169
-1.912103
-1.186123
-1.100409
-1.137917
-0.475863
0.719205
0.841928
1.939743
2.548392
2.869997
1.834544
1.751492
2.179542
2.398790
1.263853
0.846292
-0.064864
-1.024765
-0.489169
0.022710
-2.186215
-2.859533
-3.038311
-2.436543
-0.871265
-1.822795
-3.687375
-2.985770
-1.912948
0.283629
1.378253
-1.405261
-0.480701
-1.038834
0.435685
1.067048
0.269872
1.522067
1.457079
0.781687
-0.008926
1.099997
1.068607
1.570661
1.226790
1.979871
1.423898
-0.263586
0.549155
-0.113840
-1.122224
-0.809706
-1.960450
-0.553884
-1.092282
1.186598
-1.196193
-1.000127
-0.305151
0.028964
-0.541252
-0.181681
1.223655
2.708496
-0.360170
-0.601451
1.282642
-1.073119
1.470606
-0.626265
-0.883822
-1.595427
-0.782372
0.578893
1.257119
0.151880
-0.936576
-0.394165
0.176155
-0.841248
0.755523
0.056229
-0.310329
-0.946124
-0.788730
-2.389449
-0.350163
1.415838
-0.578506
-0.190063
1.381571
0.568183
0.017778
-0.611153
1.607818
2.622802
-0.269616
-0.483208
0.542296
1.588971
-0.349425
-1.022926
1.785102
0.512802
-1.044562
1.208464
-0.235083
0.668222
-0.517706
0.324669
-1.810562
-0.666625
0.801874
-0.603578
0.993736
1.182468
0.494463
-0.943303
-2.014519
0.709391
0.064702
-0.936292
-0.070198
0.802751
-1.510095
1.439631
1.722968
2.596017
1.074723
-0.163003
0.838046
0.626344
-1.637928
1.056489
1.651983
1.638782
1.701104
1.341912
0.502786
0.722245
0.447394
0.381466
-0.664701
-0.650659
-1.253081
-1.409233
-2.215019
-1.012610
-2.568230
-2.078354
-3.225144
-1.933412
-1.979929
-0.709682
1.473961
1.016488
0.074762
0.262255
1.129236
0.172757
0.350651
-0.721626
-1.210263
-1.414580
0.015198
0.836123
0.869095
1.499500
0.939334
0.713491
-0.722264
-0.061259
-0.692450
-3.046074
-4.370843
-1.988592
-1.480733
-1.533593
-2.635104
-2.424041
-1.681113
-0.064530
0.238482
1.892197
1.221610
-0.111757
1.634347
2.620318
3.658420
3.685725
2.752399
2.104625
3.066197
3.599067
2.885965
4.588783
4.170087
2.113070
1.108364
2.458753
-0.135319
-2.135326
-0.811232
0.198423
-0.824038
-1.192508
1.094340
2.360805
1.176784
-0.396718
1.173338
1.375395
0.935988
1.526122
0.412966
-0.075031
0.479968
-0.928238
-2.908445
-1.916638
-2.703290
-0.911067
1.846295
0.626870
0.772428
-0.249552
-1.158843
-0.511881
-1.586371
-0.780257
-1.023097
-0.309672
-0.863184
0.809787
0.492985
-0.040996
-0.855602
-0.302496
0.737587
2.321601
-0.136574
0.809613
0.834745
0.512614
2.422520
0.064688
0.837255
-0.637002
-0.575591
-0.588720
-0.619257
-0.354584
-0.064396
-0.536826
-1.112466
0.398939
0.105945
-0.318446
-1.880431
-1.428454
0.322630
0.655518
1.522725
-0.425599
0.142558
0.375661
-0.221759
-0.648644
-1.076238
-0.258039
-0.651089
1.420793
0.462257
-0.205303
-1.172264
-1.114963
1.417225
-0.493850
-0.180794
2.484370
0.167999
-0.537248
0.583203
-0.520447
0.257367
1.371939
-0.052227
0.766279
1.270303
0.544613
-0.699363
-0.245880
-1.028886
0.086506
1.023683
0.730875
0.935313
-0.396845
2.254191
-0.700052
0.540288
-0.255118
-0.215604
-0.266262
-2.363132
-0.918794
0.946472
0.611142
-0.791752
-0.958457
-0.123899
-1.192892
0.375494
-0.432981
1.081025
0.865856
-1.086394
-0.061403
-0.418018
0.487610
0.363993
-1.065365
-0.711665
0.326665
0.395326
-0.314093
-0.666539
-0.442970
-0.131689
-0.727900
-0.897503
0.723538
1.157574
0.007277
0.253637
0.842245
0.892861
2.059423
2.207318
1.342900
2.087644
1.686918
1.062582
0.644229
0.972762
-0.984163
-2.292753
-2.911347
-0.360164
-0.179256
0.736306
0.805995
1.827693
1.541155
0.143068
-0.469371
-0.966084
-2.533418
-3.919796
-2.632453
-1.055793
-1.382290
-1.407553
-1.647572
-1.382350
-1.967259
-3.061248
-1.118763
-0.376219
-1.416197
-0.820476
1.243546
1.113743
0.806088
2.639862
3.402486
3.831333
1.081844
-0.735331
-0.994229
-1.641827
-0.423993
0.915610
2.340155
1.623120
2.022411
2.816467
0.893035
1.369187
1.377205
-0.566206
-0.208285
-1.461656
-0.641218
0.571824
1.671853
1.920161
1.844457
5.081166
3.603020
2.015523
2.224092
2.320096
2.734977
2.352049
2.008576
2.965318
2.031389
1.038062
0.491792
0.983477
-0.026779
-0.321823
0.347681
-1.027729
-2.896171
-1.455162
-2.300606
-1.143290
-0.851125
-0.581864
-0.131718
0.901752
0.213111
0.549401
0.231464
2.409649
1.355856
0.448910
2.151479
0.144984
1.534910
0.178717
1.006854
-0.283661
0.308601
0.422482
0.003194
-1.466529
-1.857269
-0.273522
2.409332
-0.205617
-0.231777
0.421660
2.483870
0.444259
1.297066
0.073299
-3.016848
-1.267719
0.278254
0.348498
-0.648631
-0.487730
1.161299
1.202918
0.550466
-0.343239
0.469946
0.722040
0.821237
2.413970
-0.400726
0.805065
-0.791855
-1.433060
-1.518490
-0.150223
-0.232897
-0.506066
0.002183
1.821108
-0.409526
0.762717
0.580408
-0.984899
1.130899
0.844580
0.900499
1.256867
-0.073281
0.628011
0.393553
-0.175347
-1.840598
-0.202035
0.181797
0.025246
0.340712
0.702917
0.560563
-0.736889
0.112979
-0.676554
0.236281
-0.239640
-0.012962
-1.433339
0.140155
0.170090
0.499585
0.886084
0.646646
0.431271
1.004631
0.648939
0.737403
1.441043
-0.513234
1.008326
-0.221717
0.938401
-0.403577
0.792351
0.290321
0.122697
0.704352
-0.495854
-0.548068
-1.038903
-0.841621
-0.402109
-0.840217
-1.466147
-1.066515
2.887496
0.311565
0.271460
-0.274187
1.092710
0.612145
-0.973385
-1.025789
-0.113641
1.851311
3.010606
3.763805
2.923824
1.727980
1.091640
0.720906
-0.852859
0.333073
-1.189667
-0.121119
-1.425310
-0.926766
-2.008556
-3.306971
-2.112833
-1.014046
0.337734
1.172646
2.414817
0.851102
0.200610
0.010612
0.325891
1.987605
2.338455
2.348978
1.486092
1.129761
1.892111
-0.700540
-0.716411
-1.533192
-0.838924
-0.795079
-0.032552
-1.089838
-0.633318
-0.578468
-0.532952
-1.940070
-2.016269
-1.780544
-1.172081
0.201062
2.055579
2.724791
2.449314
2.193938
3.161451
1.786516
2.268943
2.325386
2.433882
2.419560
4.432419
3.298677
2.442718
1.315503
1.765340
1.430325
1.263735
-2.274426
-1.767369
-1.719418
-2.279997
-3.462254
-2.808760
-1.765199
-0.216572
-1.581521
-0.783421
-2.892146
-2.443731
-0.908184
-1.616804
-1.169765
0.213522
-1.900543
-1.663992
0.672386
0.533297
-0.188878
0.410574
0.396150
-0.226170
0.046858
-2.196729
-1.683159
-0.544492
-1.040191
-2.607779
0.415590
0.134651
0.394847
1.697848
1.517194
0.377110
0.285511
1.377009
-1.360090
1.343637
-0.139959
1.808111
-0.184101
1.678994
1.266298
1.466245
0.074472
0.203917
0.798951
0.436467
-0.341255
0.388384
-1.388814
0.425132
-0.020999
0.734798
-0.267362
0.596576
-0.944076
1.263289
-0.922467
1.004609
0.098240
0.179501
-0.275028
0.281240
-1.351632
0.918562
-1.804799
-0.019997
0.011767
-2.010769
-0.817380
0.750208
-1.757399
-0.285925
-1.456006
0.767734
0.439492
0.399285
-0.023030
2.401565
-0.150496
-2.169967
-1.894975
-0.072452
0.320385
0.339858
-0.762471
-0.845554
-0.341579
0.058704
1.133214
0.669477
-1.224315
1.172708
-0.631618
0.734290
0.242543
0.778855
-0.659286
-0.745710
-1.106785
-0.782623
-0.736061
-2.252168
0.523571
-1.253709
-0.235500
0.079115
0.629842
1.481280
0.200640
-1.409945
0.537230
0.031270
-2.448659
0.042711
1.448746
0.318657
1.902412
1.315002
1.240592
-0.645240
-1.902377
0.972232
0.576803
0.499293
2.118105
1.485083
2.105198
1.877352
2.886994
2.245370
1.759482
0.956120
1.334592
0.206055
0.762340
0.684410
0.787481
1.977338
2.443598
3.350578
3.987598
5.834869
3.881462
4.483669
3.206516
2.132051
-0.606925
-0.759381
0.887196
-0.414201
-0.269615
2.407569
3.020653
1.928117
0.319593
0.177611
1.851755
0.838491
-0.326985
-0.331320
2.121719
2.188721
1.928462
1.322356
0.213396
0.367520
1.218220
1.896394
-0.003839
1.309103
0.670059
1.922205
2.324831
0.892177
-1.307191
-1.453397
-2.279514
-3.166472
-4.580836
-3.506620
-4.042325
-6.368603
-3.990033
-2.513319
-0.991524
-1.130223
1.400562
-0.318982
-1.140652
-1.253339
-0.774577
-0.197556
-1.061578
-2.466526
-1.979423
-1.889002
-1.242134
-1.321187
-1.292761
-0.945045
-2.503659
-2.387436
0.144427
0.740282
0.849784
-1.155248
-1.891827
-1.110117
-0.364714
-0.232260
-1.230626
-0.803410
-0.777964
-0.248409
0.743429
1.394911
0.841892
2.179119
0.950371
0.337604
0.801640
0.918961
2.377637
2.369909
4.553362
0.162227
0.606102
-1.283615
0.049580
-0.625599
0.151170
-0.093804
0.710185
2.852963
-0.606963
-1.178905
-0.582946
0.457460
1.489641
1.148975
-1.220719
-0.727133
-1.326073
-1.764789
0.762083
-0.737778
-0.115434
0.969590
0.942544
0.370035
0.681356
0.191763
0.745189
0.649409
0.085492
0.788921
0.519816
-1.729265
1.114245
1.986979
0.039033
-0.729364
0.529220
0.056968
0.061497
1.035056
-0.495462
-0.041803
-1.808501
-1.534764
-1.529772
-0.354121
0.242379
0.011142
-1.125294
-3.003558
-0.553748
-1.522663
-1.185011
-0.539052
-0.266666
-1.041331
-0.090719
-0.103593
0.570209
0.641367
1.485110
0.152642
1.072317
-0.017369
-0.101202
-0.301050
-0.465420
1.003692
-2.107860
-1.093849
0.317601
-0.820330
-0.522855
-1.020797
-0.409658
0.919907
-0.663694
0.907738
0.126617
0.452203
0.382382
0.076565
-1.481378
-1.219349
-0.456580
-0.926458
-1.521854
-1.075566
0.194448
0.317683
0.373071
-1.345468
-0.797295
0.835529
0.564767
0.146171
0.421000
0.519019
1.016429
1.580671
2.220491
0.874017
0.361420
0.749840
1.254664
1.702062
0.822906
1.460541
1.227657
1.456208
1.422244
1.954363
2.012594
3.346428
1.050396
-0.464975
0.561080
1.314564
3.091112
4.404324
4.188181
2.859330
1.980194
2.456842
2.033461
2.059111
1.954184
1.283405
2.144368
2.333929
1.199010
2.673150
3.139947
2.891784
3.433041
4.546043
3.872440
2.918037
3.117159
1.753979
2.104474
1.879449
2.065037
2.762929
3.012086
2.106245
1.132998
1.533144
1.325141
0.457397
0.810360
1.047313
2.249467
2.432700
2.280961
2.027514
2.572086
2.171494
3.055878
3.189571
3.643321
4.166948
3.324215
2.113916
0.959667
1.707844
0.493810
1.392203
-0.072243
0.144940
0.405013
1.136979
2.581213
1.580379
2.344111
2.680245
1.769281
1.558980
0.164506
0.993334
1.956685
1.401179
-0.831414
-1.970080
-1.481147
-1.467952
-0.902807
-1.744732
-1.251071
-2.258593
0.547760
1.369350
2.509691
2.640783
2.342001
4.361315
1.316620
0.388556
0.006847
1.426922
0.068181
-0.280541
0.155922
-0.707618
1.241687
-0.272860
0.601258
-0.361670
-0.311512
-0.268207
-0.540153
0.788386
2.204345
0.004673
-0.256360
-0.696875
0.041558
-1.538136
0.222966
1.324092
0.847183
-0.621677
-0.224785
-0.702821
-2.536786
-0.788146
-0.169561
0.278835
0.073793
0.461511
2.034447
0.387451
-0.351435
-0.286085
-1.014655
-1.167383
-1.420089
1.024198
1.539854
-0.119380
0.294393
-0.196777
-0.924812
0.684395
-0.425091
0.604491
-0.451790
-1.027968
-1.045903
-0.113862
-1.291586
-1.177297
1.435902
0.510802
1.023495
0.820658
-0.243390
-0.721199
-0.415796
-0.850142
1.103337
-0.986744
-0.380233
0.606956
0.200047
-0.381369
0.723731
0.606756
0.874875
0.442537
-0.897437
-1.600917
0.092727
0.216043
-2.269409
-0.638263
0.162049
-0.500821
0.035322
-0.971118
-0.407679
1.086085
1.426839
-1.330183
-0.014518
-0.122011
-0.540040
0.714901
0.180256
-1.511752
-0.309069
0.315593
1.014437
1.297204
0.997974
-0.888293
-0.199532
1.162190
0.201805
1.460684
-0.803912
-0.516984
-0.798950
-1.740002
-1.099186
-0.321445
0.896809
0.098997
-0.539687
0.071375
0.417853
-0.170339
-2.037494
-2.253966
-0.607825
0.005441
-1.806809
0.657461
1.677897
0.783187
-0.696825
0.066671
1.067987
0.849213
0.367477
1.668443
1.903532
4.091233
3.991625
2.339055
0.635420
0.718067
0.272553
-0.443338
1.867857
1.554047
0.745071
1.378515
0.248764
2.393419
1.309727
0.146854
-1.017868
-0.306218
-0.227265
-1.210244
0.096439
1.349796
2.352260
1.673023
2.226474
2.169831
0.577197
0.720072
-0.624601
1.252515
1.919066
3.671982
6.483838
4.263998
3.696855
5.125015
3.071659
1.464236
2.593873
1.521901
2.774839
2.488677
1.531913
0.789209
1.014625
1.232706
0.739184
0.505426
0.134622
-1.219614
-0.273027
-0.086382
0.850548
2.364372
2.515015
1.610120
2.618668
4.150384
4.069292
3.617941
3.962235
2.589247
2.100606
2.811954
1.988398
1.992161
1.262220
1.636341
0.731987
0.580023
2.271973
0.948963
0.774276
2.109193
0.465054
1.016519
0.009476
-0.659770
0.905710
1.608245
0.824059
-2.956432
-1.223156
0.235389
-0.930335
0.495503
1.340043
0.323173
-0.709455
-1.017658
-0.283823
0.080624
0.965780
-0.108418
0.248338
-0.860498
2.606854
0.325594
-0.358931
-1.002950
-0.930711
0.043011
-1.073294
-1.059364
-0.629814
-0.444468
-1.741959
-0.073645
-0.377505
-1.282058
2.423539
0.190224
-0.132350
0.397033
1.244939
-1.091109
-0.012076
2.764862
-0.843796
0.930978
2.044730
0.662509
-0.588948
-0.819423
-1.120637
-2.216635
-1.877283
-0.450733
0.069957
-0.718996
-0.681727
0.209500
0.130417
2.202613
1.791810
-0.671573
-0.468449
0.515246
-1.250705
-1.414970
-0.196169
1.062775
-2.781960
1.565039
0.740273
0.547845
0.890761
-0.289343
0.294700
-0.476709
-0.501155
1.384403
-1.559666
0.007527
-0.851227
-0.310900
-0.066590
-0.352483
-0.379187
-1.187421
-1.879272
1.015755
-0.079266
0.176610
1.574109
-0.900453
-1.577830
-0.033423
-1.245311
-1.049264
-0.543803
-0.723371
0.086908
-1.779554
-2.048082
-1.036492
-1.285371
-2.071200
-2.990369
-2.898446
-1.775800
-2.479867
-1.764076
-2.211948
-3.457969
-2.178416
-2.173842
-2.791087
-1.417614
-3.023803
-1.582182
-1.809377
-1.826744
-1.555199
-0.787662
-2.447384
-1.357416
-0.721250
0.666848
0.152687
-0.199905
1.353792
1.156742
0.803895
1.607692
1.942599
1.811199
2.115959
0.999298
-0.641438
-0.371691
-0.756846
0.880265
0.339492
-0.174557
-1.693681
-1.091881
0.256551
1.920523
1.496786
2.127762
1.661665
2.303756
2.034939
1.295331
2.971454
3.788044
3.211599
2.021151
2.119499
2.170052
1.325716
1.517412
1.070729
0.580663
1.513903
0.389965
0.368675
0.157791
1.254297
1.403071
0.002563
-0.630371
-1.344772
-0.600046
-2.654214
-2.683606
-4.196665
-3.346661
-3.740394
-2.143916
-2.341031
-1.607694
-1.817968
-1.334674
-1.811503
-2.613633
-2.215097
-2.534378
-1.353787
-1.560105
-1.336337
-2.707327
-1.433141
-1.419841
0.989175
0.169212
-0.193700
-0.363243
-1.062632
0.441157
-0.334905
-0.004775
-0.171718
-1.368005
-1.207368
0.046214
-1.907655
-0.610806
-1.335682
1.165414
-1.186351
-0.127585
-0.640800
-1.463598
1.294905
0.609995
-0.388593
-1.473096
-1.996029
-0.192345
1.979680
0.878943
1.537059
-0.232731
0.389659
1.026679
-0.830886
-0.577018
2.021992
1.761755
-1.066553
0.549054
0.660496
1.906523
0.850178
0.096998
0.930307
-0.394579
0.632623
-0.593088
1.053147
-0.199526
-0.985775
0.948392
1.832097
1.721271
1.589885
-1.401467
-0.265722
-1.269796
-0.755462
1.644844
-0.643210
0.749501
-1.077640
-0.369892
0.678035
-0.562762
-0.101570
1.900175
1.104343
0.893657
-0.488167
-1.647910
0.111782
1.005616
0.603958
-0.937852
0.078184
1.033696
0.646516
-0.731119
0.199617
-0.419978
-0.482012
-0.110405
0.503936
-0.410634
-1.153459
-1.764776
-1.309063
-0.038010
1.223507
0.569026
0.339168
-1.168185
-0.954627
0.874343
0.421367
1.531892
1.177397
1.328547
-0.816905
0.344405
0.412745
-1.095112
0.021577
-0.618635
0.507766
-0.697165
-0.265977
0.473922
0.142814
-0.046353
-0.606422
-0.063219
2.131910
1.508725
1.045099
1.862469
-0.045342
0.881939
2.118361
4.460574
3.305118
0.233627
0.086904
0.293319
0.818475
0.421499
-0.298606
0.948626
1.356832
1.520988
0.491257
1.676800
1.718530
1.511481
3.041952
3.482907
3.958260
3.482179
4.793475
4.695532
3.592126
2.552472
0.265383
-1.911028
-2.820453
-1.602314
-1.526333
-2.311850
-3.029629
-4.529620
-4.609722
-6.115334
-5.144251
-4.331612
-4.408751
-1.565080
-0.284699
-0.389406
-0.726795
-2.606307
-1.840862
-3.097391
-3.005858
-2.125494
-2.255505
-2.328367
-3.112139
-3.549381
-3.401558
-3.107647
-2.021047
-0.647224
-0.985376
-2.350844
-3.156901
-1.904739
-1.168511
-1.206540
-2.413265
-0.618153
-1.914983
-2.052878
-1.160411
-0.937011
0.487157
0.950787
-1.145665
-2.413511
-2.575377
-2.932140
-2.622150
-2.338079
-2.072974
-3.225137
-2.071719
-2.069852
-3.492818
-5.152203
-6.672495
-5.750681
-5.469551
-3.597039
-3.292144
-3.295242
-3.441854
-3.806295
-4.056887
-4.456629
-4.002869
-1.960169
-0.507288
-1.132346
0.222292
0.448992
0.058167
0.996946
-0.175902
-0.175968
0.755136
0.133617
0.841903
-0.277299
1.061903
-0.362403
-0.767843
1.015064
0.312790
-0.924914
-0.324447
0.847221
0.718593
-0.351698
0.997958
1.088762
-0.151994
-1.058866
1.638806
1.911400
-0.382192
2.143989
1.015826
-1.211274
0.825945
0.594435
-1.352428
0.601228
-1.974683
-0.328840
-0.739214
0.473449
-0.834564
0.139062
0.807223
0.631715
-0.526824
-0.202357
1.268426
0.668465
2.539709
0.484821
0.173123
0.660005
0.538410
-1.332441
-1.269165
0.018963
-0.415064
0.079844
0.628529
1.103390
0.843516
-0.827381
-0.860111
-0.615956
1.010120
0.447319
-0.858279
-0.658686
0.554634
-0.504644
0.397928
-0.665085
-0.965149
0.228947
-1.155740
0.457521
0.984389
0.248224
-0.630919
0.080266
1.799658
-0.988753
0.037424
-2.475247
1.379790
0.105936
-0.889118
-0.368356
-1.239335
-0.815072
-0.083583
-0.002420
-0.917083
-0.362786
-1.310306
0.692733
-0.053916
-0.593188
-1.638633
-0.808476
-1.424854
-1.342798
0.385357
-0.626004
-1.109730
-1.211045
-1.753107
-2.023786
-2.429938
-2.423005
-3.548121
-2.809121
-1.904159
-0.676508
-2.602269
-3.133292
-2.873621
-2.037645
-2.543377
-2.001068
-2.351808
-1.216181
-1.956265
-1.343343
-2.776878
-2.992418
-3.012598
-2.917558
-2.734026
-2.074055
-2.329800
-1.411878
-0.535450
-0.521911
-0.519046
-1.135650
-1.189278
1.214610
1.128026
1.555993
1.680151
1.613316
1.470084
1.676989
-0.086040
-0.402658
-0.968667
-3.124908
-5.286308
-3.145665
-1.556950
0.032722
0.883044
0.176634
-1.692913
-1.902426
-4.683087
-3.209851
-1.646845
-0.558465
-0.712212
-1.705113
-0.242810
0.242224
0.971124
0.544351
2.179356
4.141463
3.701086
2.789071
2.880415
4.082429
4.475010
5.438056
6.171814
6.179096
6.476897
5.722184
4.467335
4.096121
4.077267
5.479900
6.472089
6.385386
6.939509
4.499366
4.904377
5.430209
4.249483
2.744470
3.558703
3.691039
2.646327
3.872227
3.542414
5.637564
3.714847
2.557362
0.747160
-0.548882
0.844221
-1.119651
0.180840
1.258687
-0.007266
-0.907269
0.344523
0.717669
1.070352
0.466486
1.366121
-0.420421
1.076298
-1.258114
-2.586059
-0.875704
1.722170
-1.259074
-0.264446
-0.273349
0.653275
0.950137
0.919015
-0.730490
-0.286408
0.825205
-0.470906
-2.186745
-1.098762
0.265714
0.389835
0.053833
-0.624150
0.245060
-1.389083
-0.889045
0.615414
1.148066
0.497958
-2.268613
0.453954
1.153541
0.227771
0.224971
0.844896
-0.684488
0.586142
0.256590
0.210336
0.339572
0.426417
0.700798
2.108436
0.517995
3.057609
2.376940
1.028826
-0.429395
-1.694854
-1.370550
-0.226875
1.316591
-0.915604
-0.635091
0.221142
1.217888
-0.355130
-0.373229
1.739817
0.983771
0.350628
1.064630
0.389390
0.179781
1.142328
-2.695021
-0.511931
-1.734967
0.450742
0.054113
0.944129
0.556584
1.230309
0.263168
1.229916
-0.157373
1.115282
1.329495
0.144298
-1.334823
0.117021
-0.698062
-0.782446
-0.677891
-0.066880
-0.700973
-0.766026
-1.695808
1.206968
1.066644
0.705958
1.618956
0.353536
1.627980
2.887648
3.553008
3.063139
1.793381
-0.065547
0.239681
0.865188
1.984952
0.866761
0.736137
1.435702
1.581162
1.574641
0.377522
-0.534146
0.287666
1.126556
1.284545
0.719531
0.104416
0.288558
0.237261
-1.307671
-2.228539
-0.876868
1.191989
-0.943635
0.966625
0.209472
-0.205012
-0.782412
-1.148200
-0.571534
-0.181451
-0.499133
-1.055414
-1.297408
-2.067515
-0.035271
1.252127
3.059530
3.433719
2.426607
-0.387808
0.685445
0.148076
0.392616
1.504660
-0.919086
-0.721584
-0.137152
0.733767
0.410305
-0.262716
1.396903
2.195787
1.288641
1.195548
-0.588962
-1.900773
-1.633122
-1.670959
-0.805011
-1.099556
-1.584266
-1.132250
-1.384128
0.707155
0.736009
-0.905472
-1.465522
-1.240649
0.224218
-0.384676
-0.066347
0.349946
-0.851672
1.450528
1.379621
-0.376331
-0.267845
1.220627
0.276325
-0.251613
1.214037
0.515453
2.346015
0.294818
-0.631943
-1.337308
0.047401
-1.660894
1.340731
-0.004977
0.553493
-0.201350
1.650088
-0.696210
-0.896936
-0.640361
-0.501889
-0.788685
-0.501485
-0.290809
1.090959
-0.001485
0.235611
0.759788
-0.710198
-0.470588
0.522562
-1.186117
-0.909587
-0.659207
1.709387
0.636265
0.762173
0.823699
0.422896
0.958214
0.700115
1.529480
-0.159243
2.165010
-0.024441
-1.652741
0.177970
-0.520735
-0.173356
0.373000
-0.138113
-0.211158
-0.201082
-1.029926
0.869442
-0.032619
0.304276
-0.564251
-0.536374
1.735640
-1.189199
-0.153411
0.249610
1.229201
-1.259927
-1.312129
-1.794168
-0.666646
0.009428
-0.201093
-0.864869
-2.565428
0.487628
1.211750
-0.344373
-0.185850
0.459057
0.266139
-0.428389
-0.491850
0.192052
1.299338
1.472739
-0.243685
1.087677
-1.483876
0.084589
-2.696736
-0.279471
0.753191
-1.108262
-0.480282
1.824462
-1.469632
-1.941812
-0.509187
0.159229
0.246379
0.098458
1.843140
-0.889262
0.573280
-2.014781
-0.351131
0.138912
-0.060084
-0.461520
0.615646
-1.902176
-0.168198
0.919366
0.274477
0.423614
0.265707
-1.546836
-1.855554
-1.336497
-0.891523
-1.396843
-1.566450
-0.399380
-0.535500
-0.342387
-0.448880
-0.370195
-1.719470
-3.564215
-4.159574
-4.109508
-3.870092
-2.889859
-0.959149
-0.248579
-1.118790
-0.365996
0.039021
0.776175
1.380373
3.332896
2.354049
2.677017
0.389347
-0.783188
-0.816271
-2.725835
-3.396411
-1.838112
-1.240800
-0.020967
-0.507296
-0.812850
-0.046067
-1.026439
-1.303803
-1.563604
-1.029599
-2.021314
-3.689998
-2.835809
-3.305188
-1.729668
-1.818300
-1.366860
-3.084090
-2.670419
-1.692254
-1.547456
-2.128244
-2.751482
-1.606759
-0.880176
0.217768
2.066164
3.844289
4.243339
5.284451
4.917234
4.121833
4.440909
2.613541
2.519234
4.709544
6.026560
4.201083
1.146936
1.654151
0.359824
0.829671
1.030120
-0.262903
0.750140
0.493415
-0.048534
0.332885
0.627279
1.712870
-0.952761
-0.306684
0.861137
1.743338
1.833556
0.842047
0.558983
0.510536
0.217515
1.209504
2.560015
2.131621
1.067063
3.181277
2.208217
0.239325
0.377756
-0.258446
0.058484
2.144101
-1.150526
-0.719709
-0.798104
-1.113375
-1.615575
1.395084
0.815809
1.170551
0.424518
2.445720
1.554087
0.484676
0.594633
-0.234231
-1.022933
-1.406797
1.622416
0.026453
-0.188784
-1.316849
0.171507
-0.119606
0.061302
0.719945
2.523324
0.807394
1.757644
-2.154773
0.484321
0.074293
1.079194
0.537696
-1.203861
0.510961
0.645112
0.929196
0.796277
0.626727
-1.001854
1.360603
-0.010612
2.068556
0.515321
0.224217
0.677086
0.002784
0.344282
-1.481087
-1.296530
-1.561783
2.129471
-0.658411
-1.179752
-0.065605
-0.694704
-1.518089
1.182242
-1.664668
-1.198045
-1.202059
-0.124985
-0.956907
0.133082
-1.688022
1.711910
1.603689
-0.320335
-1.742732
-1.270583
-1.240754
-0.463725
-0.035280
1.699311
-1.227806
-0.334440
1.752217
1.850768
0.992084
-1.420911
0.528123
-1.535328
-0.146621
1.591160
-0.390170
-1.399953
-0.337997
0.829635
-0.992310
1.174988
-1.197546
0.385377
1.664478
0.354598
-2.288331
0.445215
-0.258547
-2.691607
-1.774591
-1.376043
-0.772047
1.027819
1.629646
0.857972
0.185193
0.228505
-0.728916
-0.815208
-1.113065
-3.044749
-3.890676
-1.778376
-0.650763
-1.667231
-1.208697
-1.219209
1.003425
0.021547
-1.915171
-0.174321
0.113506
0.609140
-0.557702
0.158315
0.981715
0.972618
0.544956
0.500797
0.033852
0.987394
0.402672
-0.932877
-2.659729
-1.411191
-1.684263
-0.822354
-1.686588
-1.712627
-0.538443
-1.316496
-1.887353
-0.644881
-0.367636
1.731098
1.569494
1.049874
-0.090690
0.367732
0.533096
0.023767
-1.958980
-1.042498
-1.331714
-2.930180
-2.857582
-3.427479
-2.275928
-0.765986
-0.145756
-0.411835
0.238272
-0.349106
0.228482
1.794825
0.781311
-0.789262
-1.982298
-1.499605
-2.895288
-2.225982
-0.615018
-0.365617
-2.058843
-3.107525
-2.545868
-3.419362
-2.059992
-1.918171
-3.212896
-3.162737
-3.016442
-1.566021
-1.797787
-1.187310
-1.525507
0.017425
-0.623506
1.271412
0.380917
-0.083605
1.910613
2.643224
2.222248
1.932376
1.496082
2.999214
1.541627
1.654821
1.508316
0.257167
0.175873
0.604433
-0.715989
1.441251
-1.257537
0.993556
-1.548090
-0.938162
-1.110552
-1.373018
0.864068
-0.040563
1.362655
0.579760
1.081587
0.174275
-0.182521
0.266999
1.175119
0.293924
-0.804420
-0.465729
-0.853133
0.501445
1.390221
-0.248899
1.452401
0.925776
-0.556311
-2.578206
-0.417442
-0.039593
0.742873
-1.922304
0.288410
0.214568
0.972573
0.539115
0.990453
0.688023
-0.572681
2.180021
0.213065
-0.953299
-0.927219
-1.166665
1.107780
1.048297
0.539367
-0.441263
1.141068
0.468365
2.431724
-0.685089
0.199295
-0.363091
-0.086163
0.002149
-0.388364
-0.245833
1.476073
0.036208
1.624839
1.451235
0.281200
0.574540
-0.306412
2.018107
-0.804546
0.138430
-0.157633
-0.997937
0.641823
0.537820
0.172848
0.522205
-0.475717
-0.170257
0.629690
-0.163972
1.174733
0.923027
1.975806
-0.237411
0.285607
-1.157643
-1.213149
0.177414
0.687359
-0.804765
-1.709906
0.570612
-0.602400
-0.543237
-0.642275
0.527590
-0.362172
-0.653763
-0.549600
-0.649885
-0.653065
1.259564
0.764596
1.071887
1.513501
0.284911
0.142017
0.063408
-0.168101
0.390323
0.601699
1.807714
1.676869
-0.144815
-1.145979
-1.556658
-1.732555
-0.441441
-1.113609
-1.221328
-2.788278
-1.981109
-2.282902
-0.385888
-1.199471
-1.105167
-1.311216
-0.202308
-0.521466
-0.246395
0.451987
-0.962236
-1.338573
-1.687101
-2.448135
-0.989066
-1.526284
-1.437314
0.094980
-0.542437
-0.942529
0.490043
0.528199
-0.789483
-0.417317
-0.384880
1.363903
0.591509
2.173385
1.724330
1.250366
0.437715
0.125605
0.336767
-0.699853
-1.787618
-2.933427
-1.328490
-0.397397
-0.322552
-1.019131
1.224392
1.468966
-0.037297
0.417070
1.316496
2.064922
2.218318
1.895745
1.323442
0.222479
0.417445
0.743852
1.396196
2.145758
3.151047
0.701170
0.414136
1.325332
2.249172
2.457249
1.540354
0.799430
0.393726
-0.454647
0.314809
-1.975053
-2.158769
-1.248054
-1.688751
0.512510
0.726324
0.018510
-1.183002
-0.871433
-0.521334
-0.168428
0.341814
-0.216141
-2.010930
-2.319718
-2.818595
-3.163960
-1.282621
0.031371
-0.002963
0.730092
1.726694
0.853653
0.232756
0.040449
0.012162
0.236831
0.384231
0.889975
-0.110818
0.747904
-0.121810
0.002983
0.184367
0.705798
0.321979
0.152788
0.164500
-0.714573
-0.609513
0.333961
0.384616
-1.431095
-0.172030
0.646122
0.237579
-1.398021
-0.997245
2.214242
0.163580
-0.938228
-0.317312
-1.801146
-1.296888
0.851092
-0.366606
-1.572834
-1.270927
-0.798464
-0.298357
0.094493
1.242982
-0.926728
-2.680960
-1.005368
-0.581783
-0.158637
0.049567
-0.204978
0.008346
1.134854
0.556364
-0.352569
-0.224803
1.041725
0.359388
0.643450
0.487952
-0.563727
-0.030889
0.644202
-1.118954
-0.058750
0.149887
-1.306445
-0.264539
-1.148678
-0.454713
1.223568
-0.541837
0.864815
1.145579
1.101152
1.703753
-1.362576
-0.325950
0.052457
-0.662113
-0.896850
1.704383
-0.771944
-0.489785
0.512770
-0.755006
-0.182131
-1.051342
0.107371
0.817486
-1.115164
-0.583427
-0.505697
-2.123835
-0.168736
-0.305150
-0.871870
0.551685
-0.761549
-2.916866
0.748525
-2.161949
-0.869979
0.352350
0.754222
2.352670
1.226289
0.501670
1.340182
1.700740
0.523560
2.260928
1.407653
0.659229
1.316536
1.533603
0.999205
2.448163
1.346354
0.383965
0.870182
-0.266152
0.253327
0.462403
1.898996
1.869189
2.010012
1.405553
0.561316
1.192531
3.203039
5.375803
4.859432
5.918396
5.947786
6.449346
5.239060
5.794417
6.264384
5.007229
4.754708
2.770444
2.627511
1.053714
0.635439
1.626381
4.146218
3.011263
3.196398
3.003089
3.231113
4.597871
4.893683
3.932667
2.311530
0.965455
1.766159
1.256948
0.931995
-2.914251
-0.070704
0.341645
0.249273
-1.585788
-1.704443
-1.506298
-1.490122
-1.932356
-3.356898
-3.102685
-2.355394
-2.237933
-1.921520
-2.172873
-2.294039
-2.821928
-3.504973
-3.413241
-4.042181
-3.614122
-2.592669
-4.164092
-2.960133
-3.178546
-2.596279
-2.469442
-1.446195
-2.080044
-2.518386
-1.687977
-1.279444
-1.209981
-1.370202
-0.513044
-0.591172
2.255751
-0.965741
0.037162
0.230952
-0.736176
-2.244842
-1.291705
-0.522086
1.279801
-0.664021
-1.147428
-1.213656
-0.129577
0.652827
-2.169152
1.276028
0.132818
0.096409
-1.604452
0.259764
1.134669
0.859864
0.509396
0.467109
2.057326
0.656990
0.508973
0.314548
-0.443965
0.498986
0.341807
-1.049576
0.491789
-0.597175
0.717948
0.308675
1.826301
1.237754
-0.092426
0.151921
-1.510280
-1.278762
0.684353
1.408568
-0.557731
-0.134837
-1.428280
0.070038
-0.473102
-0.025970
-0.798085
0.404783
0.617217
0.628472
-0.005938
0.781872
1.801467
0.782707
0.466408
-0.020809
-0.011013
-0.071913
1.380274
-1.013565
-2.025435
-0.107070
-1.156417
-1.371763
-2.621064
-0.028606
-0.941326
-0.525454
-0.276890
-0.815920
-0.477869
0.059170
-0.173394
-0.615220
-1.316303
0.015453
-0.334681
-0.292707
0.612087
0.582781
-0.040156
-1.398285
0.048742
0.849343
-0.697451
-1.198722
0.397314
-0.864648
1.232926
-0.322433
-0.464629
-0.033317
1.264056
-0.450821
1.143720
0.187203
-1.742308
-0.370669
-0.508534
1.902266
2.623227
3.309227
3.246593
3.203608
2.426691
2.970178
2.886465
1.782105
2.410959
2.167714
2.802423
3.986705
4.174613
3.160316
3.458003
3.334303
2.230012
-0.136297
-0.249370
-1.626620
-2.964104
-2.583696
-2.788079
-1.160436
0.017063
-1.273443
-1.386691
0.432116
0.663217
0.698541
0.733062
0.264087
0.383238
0.156049
-0.427492
0.286395
0.070008
-0.994912
-0.675000
-0.547468
-0.986788
0.215705
0.293120
0.434659
0.224945
0.958927
-0.644500
1.538674
1.424463
2.310583
2.228970
2.293855
2.567962
1.818677
4.124638
3.183627
4.098219
3.884479
5.206465
5.502968
4.190250
3.981538
4.271444
3.385870
3.608499
3.626847
4.152225
3.373534
2.035995
2.555598
1.667813
1.437561
1.489653
1.113273
1.675593
1.305950
0.903325
1.493102
0.483348
1.805529
1.843227
2.207499
2.004696
2.712114
3.449288
1.463200
0.964640
0.804096
-0.729462
-0.919291
-1.442941
0.165700
-0.641588
-0.336414
-1.593108
-1.588604
-2.637747
-0.339539
-0.143036
-1.135290
-2.815487
0.175921
-0.056454
0.650840
1.407896
0.005152
-1.312361
-0.008105
-0.326993
0.086628
1.644043
-2.460505
-0.738416
-0.982908
-1.222509
1.367369
-0.987317
1.206564
1.220796
0.378126
-1.547909
-1.050936
0.037293
0.724289
-0.238675
-0.289009
0.139775
0.212062
-0.280547
-0.350689
-0.646706
-2.741244
-1.155108
0.216028
0.280016
0.099648
-0.298853
0.183240
0.545683
-1.697452
1.361749
-1.109057
1.636886
0.454518
1.437121
0.598402
-1.395487
1.049506
1.058195
-1.508920
0.459130
0.219238
0.430124
-0.009425
1.859482
0.198523
0.748835
-0.174982
-0.081331
1.140905
-0.467910
-0.196966
-0.880524
-1.155317
-0.012270
-0.794152
-0.862124
-1.142279
0.539293
-1.776637
-1.506628
-0.725633
-0.685732
2.449267
-1.204000
-0.671870
0.843930
-0.655970
1.728727
-0.575642
-0.332545
-0.503410
0.322449
-1.278944
0.055521
-0.445704
-0.085725
0.685510
0.625133
-0.403701
0.197941
-1.469224
0.152154
0.075244
0.564066
-1.428396
-0.517321
0.176467
-0.990479
-0.225961
0.038151
0.422480
-0.379231
-0.605197
-1.449209
-0.181925
-1.786675
-1.115222
-1.350006
-1.619976
-2.950670
-2.563710
-0.837112
-0.759919
-0.824510
-2.183550
-1.740620
-2.139231
-4.118109
-2.524427
-4.081233
-0.920335
0.014330
0.596228
1.378217
2.811885
1.768030
0.203500
1.435077
1.118400
1.282976
-1.637091
-1.654772
-0.593593
-1.109205
0.102823
-1.215293
-2.674346
-2.534289
-0.334210
1.207521
2.545878
4.891177
4.602868
4.193300
4.353781
4.570366
4.254363
2.969280
4.157596
2.317732
2.056937
2.341988
0.737100
1.648300
1.140630
0.978396
0.938842
1.069428
0.105048
0.331088
-0.747631
-0.821873
-0.508187
-1.030143
-1.071005
-0.949364
-1.406022
-2.584155
-3.772815
-3.891883
-2.319055
-2.156401
-2.225116
-1.282426
-0.975983
-2.045295
-2.631924
-1.588599
-2.359771
-2.249898
-2.300265
-1.754084
-2.562503
-3.191521
-4.315151
-4.405899
-3.238347
-3.196899
-2.233268
-3.735817
-5.755278
-7.269730
-6.776853
-5.674556
-1.911445
-2.140298
0.934551
0.652668
1.468264
-0.897917
-1.141377
0.968240
2.113795
0.171063
-1.422865
-0.267491
1.821401
0.839528
-0.166146
0.754171
-0.771036
0.266188
0.426218
-0.533506
-0.827669
-0.628437
-0.780051
-0.126389
0.974989
0.224771
0.010254
-0.435065
-1.581182
-2.647049
-1.343602
-0.835529
-0.781528
-0.629209
0.064627
0.656498
0.000090
0.272302
-0.436596
-0.362094
-1.088421
-0.613188
-0.997590
-0.447033
0.816975
-0.257251
0.946783
-0.025182
-0.932963
-0.158687
0.379180
-0.506466
0.315367
0.537688
0.441114
2.368707
0.898745
0.086909
1.463320
-0.492152
-0.268563
-0.500812
-0.293815
-1.142201
-1.258275
-0.577698
1.750049
0.847983
-1.032236
0.804647
-1.365416
-0.243766
-0.138287
-0.970071
-1.229011
-0.506387
1.058314
0.740092
-1.015992
-1.208362
0.210712
-0.633792
0.403074
-0.804810
2.030669
-0.664537
-1.981165
-0.593477
-0.758508
-0.735738
0.308837
2.476220
0.581991
0.541221
0.248963
-0.733336
0.102699
1.848687
0.709669
-0.018641
1.021022
0.255347
-0.386686
1.347635
0.988457
-0.202436
-2.361309
-2.742274
-3.212944
-2.431023
-1.930576
-2.071484
-2.355942
-2.487019
-1.954579
-1.088961
-2.890836
-1.645374
-0.775024
-0.412583
-1.142207
-2.077737
-1.663122
-2.063041
-0.949568
-1.998292
-3.441847
-2.943648
-4.526338
-2.737082
-1.435056
-1.524672
0.410632
1.917322
1.286175
0.000818
-1.309060
-3.802276
-3.875789
-2.139987
-1.491140
-0.646811
-0.249227
0.161542
-0.155145
-0.338444
-1.100230
-0.193395
-0.133206
-2.157430
-0.242047
-0.299503
-2.053086
-2.948341
-2.947856
-4.062400
-3.871383
-1.896579
-1.851680
-1.531033
-0.529475
-0.986056
-1.055430
-0.214454
-0.587931
-0.032614
1.032070
2.090785
2.312198
1.523673
1.507260
2.068124
1.758266
2.673985
1.876025
1.771217
0.940902
1.558319
2.109587
2.163865
0.921266
3.901788
4.278609
3.193687
2.591286
4.056989
3.208831
2.137853
1.921750
2.371530
1.681726
2.192984
2.151780
2.355846
2.354386
0.692968
1.663069
0.900296
-0.023072
-1.609584
-0.673219
-0.315050
0.439923
0.604218
-0.313525
-0.560829
-0.464122
-0.726786
-0.894423
-0.496274
-0.008435
-0.509624
-0.632959
-0.185712
-0.034997
0.524100
-0.976735
1.091720
0.145128
0.552804
0.468889
-0.980295
-1.534168
0.860139
-0.668023
0.073328
0.985741
-1.422270
-0.450059
1.233547
2.085388
-2.625556
-0.072505
-0.254406
0.241676
-0.361599
0.619537
2.021377
-0.161900
-0.284435
-1.542529
-0.858321
-0.161505
0.119172
-0.958892
0.291085
-0.412277
-0.111853
1.887165
2.048924
1.691956
0.979306
-1.372934
-1.580236
0.676092
-0.479677
0.410060
0.899915
-0.375961
0.756682
0.618355
-0.205380
0.813814
1.264297
0.855130
-0.488974
0.508001
1.954975
0.663283
0.340470
0.014062
-2.242888
0.288654
1.361997
-0.466848
-0.452326
-0.910703
0.200659
-0.065839
0.245992
-2.084417
-0.374650
2.717965
-0.600629
0.471966
1.670224
1.460891
0.455315
-0.539172
-1.716051
-1.105174
0.358955
0.370238
-0.048652
1.111632
-1.637175
0.501009
1.059069
0.254656
0.839259
1.218665
1.529464
-0.038281
0.930629
0.122528
2.742908
2.948819
1.831395
-0.616022
1.131647
-2.116371
-1.845469
-2.067252
-2.431309
-2.760325
-2.651719
-2.193817
-2.626343
-2.727454
-2.905511
-3.425628
-3.027753
-1.588011
-3.556521
-3.449924
-1.991493
-2.963490
-2.797062
-2.835137
-2.061660
-4.636244
-6.016184
-5.122696
-3.775376
-2.611640
-2.754159
-4.812844
-2.988420
-4.489273
-4.346136
-4.821954
-2.435810
-0.487416
-1.249219
-2.205509
-2.105893
-1.110052
-2.419592
-2.307922
-2.589582
-3.094715
-3.158070
-2.461721
-1.080799
-0.680823
0.089818
-0.021067
0.403887
0.980064
1.697039
1.345791
-0.411474
-1.996147
-2.645548
-1.452779
-1.396323
-1.302975
-1.801081
-1.832702
-0.813072
-1.647381
0.526887
0.310744
2.357317
0.906107
0.079719
-1.663198
-2.196007
-2.255443
-1.180664
-1.315209
-1.278510
0.839188
2.308045
1.993284
1.792901
0.712649
1.082867
0.406723
1.466536
2.979620
1.219600
1.664005
3.004157
3.918619
3.408279
2.355632
3.309361
3.000283
3.711826
1.881325
0.280977
-1.487338
0.625237
0.747181
-0.883526
0.375723
-1.774995
0.668558
1.650125
0.050255
0.289218
-0.178790
-0.338371
0.035572
0.211016
1.593791
-0.208830
0.034898
1.412730
1.788300
0.384082
-0.458774
1.544696
2.127134
0.594263
0.326058
0.536375
1.189873
1.387436
-0.206848
0.347988
0.048779
-1.490478
-1.567200
0.715091
-1.098799
-1.210217
-0.992140
0.451298
-0.393983
0.241278
2.357519
1.033058
1.281203
1.034018
-0.071858
0.083325
0.343579
-0.701899
-0.381824
-1.109721
0.338656
1.437757
0.740729
0.296209
-0.200789
1.943297
-0.205575
-0.224072
-0.635706
-0.191583
0.029473
-0.818504
0.008961
-0.291035
-0.391438
0.770004
-2.513111
0.489970
-0.123054
0.618556
0.727053
1.436789
-1.475775
-1.231527
-2.117489
-0.946568
-0.368068
0.270848
0.298333
-0.779101
0.478198
2.649277
0.626982
1.185166
0.699246
0.191682
0.629710
-1.247193
1.537728
0.777846
0.771552
0.548394
-1.392332
-1.821143
-1.030814
-0.758170
-0.541914
-0.978767
-1.103008
-1.485968
-1.932930
-1.541941
-2.075938
-2.627399
-1.526478
-0.340190
-0.071157
1.103158
-0.108959
-0.350837
-0.121836
0.404136
1.540120
0.689727
2.300541
2.680047
3.238637
2.604610
3.816480
4.731678
4.864081
3.286965
3.630769
3.815891
4.448797
4.173814
5.267680
5.256787
3.248569
3.146218
3.032380
2.483703
2.128255
3.805835
3.939694
0.629983
0.588142
1.413435
0.046596
-0.661567
-2.140350
-3.017184
-3.927088
-3.480469
-1.782262
-1.994210
-0.405037
-1.760982
-0.687316
0.410140
1.123334
1.208260
1.577440
0.283575
1.597182
2.268054
2.694397
1.597925
2.624815
2.240762
3.290685
4.427900
5.294642
4.578629
5.960014
5.279505
4.797587
4.187672
2.999277
2.133881
3.314242
2.732852
2.375447
2.723862
1.655835
3.218929
1.994523
0.672857
0.543749
-1.054889
-2.594903
-3.818546
-3.706638
-0.742327
-1.788459
-0.092496
-0.478905
-1.816644
-1.234713
-2.693324
-3.896026
-3.831953
-3.774560
-4.063898
-5.207864
-0.381064
-1.146080
-0.696743
0.543575
1.338114
1.036061
1.450144
0.139668
0.148986
-0.214546
1.440001
0.311045
-1.376953
1.323352
0.913004
0.441966
0.696865
-1.219152
-0.652447
-0.190565
-0.314295
0.762775
-0.301742
0.267503
0.203653
-0.716059
-1.395899
-1.317058
-0.877146
-1.313975
0.847584
-0.828953
-0.149575
0.128926
0.398590
0.751390
-0.038565
0.398434
2.289654
0.864051
0.351085
-0.920738
-0.143846
0.001975
0.531302
-0.541025
0.611888
0.753415
1.258437
-2.544236
-1.803276
0.188954
1.085205
0.673932
0.754920
0.139446
0.401335
-0.458682
-0.052142
-0.948407
-1.338825
2.316958
0.973627
0.619926
-0.800342
-0.740360
0.344917
-1.012864
1.120407
-1.682348
0.438469
-0.811261
1.151893
0.555246
-1.155773
0.421539
-1.847060
-0.048850
0.997828
-0.864918
-0.357172
0.853890
1.059304
0.375603
1.430925
-0.091638
-0.064239
2.006938
-0.496388
-0.896714
0.545608
1.038027
-1.491123
-1.183922
0.119110
-1.682260
-0.912887
-1.258992
0.857668
-1.282789
-0.682892
1.329241
0.686834
0.401166
0.018059
0.145561
0.341792
0.331242
0.486649
-0.022966
-0.089520
0.789407
1.141773
0.732533
1.407696
2.258809
1.807753
1.089178
0.237655
1.450440
1.361934
1.018600
-0.719251
-0.339414
-1.445691
-0.752037
-1.713827
-2.222982
-3.836391
-1.223367
-2.927618
-2.222840
-1.707175
-1.048676
-0.072803
-0.516471
0.465803
0.788577
-0.450068
0.671197
-0.550417
-1.199607
-2.561753
-4.672333
-5.369542
-4.445130
-5.087940
-3.749011
-3.493229
-2.550083
-0.815175
-1.423860
0.793792
-0.253350
0.357821
0.400802
1.517370
1.206203
2.221208
1.494636
1.913594
2.668298
2.463011
2.328519
1.657262
0.946635
2.104464
2.102654
4.572110
4.723645
5.157625
4.218950
2.654746
2.597986
2.607419
2.543086
0.876253
0.146772
-0.442471
0.583170
0.187909
-0.312008
1.074837
1.246505
1.192693
1.519098
0.606636
1.206998
1.505031
0.696220
0.984385
2.484556
0.483680
0.082031
-0.723462
0.639441
0.872424
1.316056
2.034826
2.582359
0.983363
-0.071009
-1.461193
-1.663762
-0.631664
0.654953
-1.106338
-0.263854
0.238953
0.305091
0.851429
-0.653857
-0.348737
-0.846675
-0.797594
0.254597
-1.530607
-0.210950
-0.614529
0.289646
0.903808
0.244429
-0.279796
-1.572890
-0.680193
0.196592
-1.173253
-0.161961
1.073222
0.386228
-0.446474
-0.091021
-0.290639
-0.556159
0.125600
2.765643
-1.019311
-1.246923
0.519939
-0.887932
-0.258589
1.141975
2.339541
0.084880
-0.989220
2.018039
2.317352
2.184070
1.374271
1.636466
2.007174
0.087999
0.097847
0.492516
-0.858735
0.539261
0.273549
-0.227187
-0.192399
0.777124
0.156989
-0.553346
0.316493
1.120745
1.183619
1.031851
0.099559
-1.012871
-0.889650
0.721522
-0.915733
-0.488679
0.473628
-0.060777
-0.700245
0.362038
-2.227500
0.880211
0.310058
-1.108549
1.358183
-0.738620
-0.947604
-0.247912
1.876447
-0.727321
-0.982199
-0.905196
-0.664236
1.136581
1.225611
0.098749
0.931047
0.710211
1.448050
0.761415
1.019802
0.505204
-0.732340
0.474923
1.301563
3.659442
3.261792
1.175115
0.743861
2.308073
0.845989
0.718907
0.363392
1.486378
-0.534164
-0.905940
-0.777714
-2.471696
-0.692254
1.024461
0.871142
-0.013638
-0.271496
-1.518830
-1.068967
0.766034
0.009861
1.064319
0.922844
0.655786
1.539877
1.473236
0.648902
-1.966634
-1.209516
0.189019
0.990725
0.890481
-0.029213
-0.932530
-1.953534
-1.160201
-0.949828
-0.042148
0.508476
0.539188
0.941240
0.179479
-0.732572
0.446152
-0.470514
1.151338
1.588923
1.054365
0.919940
3.081481
3.677843
3.523993
2.839349
1.406739
-0.221272
-0.917215
-2.618662
-2.249320
-2.285839
-2.922427
-0.660037
-1.415430
-1.174646
0.347465
0.344430
2.277849
2.514772
0.451404
-0.866174
-1.053699
-0.289020
-2.037686
-1.983116
-2.528773
-2.128642
-1.825426
-1.451428
-2.830325
-2.579184
-2.340119
-1.830361
-1.938590
-2.308813
-1.489544
-0.844030
-0.455671
-2.031876
-1.346575
-1.722079
-0.987946
0.924417
-0.569463
-0.417903
-0.243392
-2.357733
-0.576477
-0.386602
0.064621
-2.175384
1.099277
0.688180
-1.216533
-1.327694
-1.111231
-0.054855
-1.581758
0.591851
-1.665250
0.398445
-1.609786
-0.593761
-0.808719
0.062887
1.770789
0.551934
0.513888
0.917926
-0.243291
-1.199142
-1.490710
0.414590
1.072498
-1.150523
0.865166
0.021697
-0.353048
0.527394
1.610533
0.704665
0.337127
-1.307031
1.605074
1.621101
-0.797952
1.519154
-1.130221
0.613258
0.350808
-1.039094
-0.863230
1.025831
1.475951
1.212359
0.377278
-1.235292
-1.410750
1.717437
1.002147
-0.510714
1.987684
-2.169524
-0.900965
0.562962
-1.271549
-0.746427
-0.248976
-2.148075
-0.451465
0.243611
1.886875
0.222753
0.907090
1.197889
0.232191
1.670631
0.530054
1.534201
-0.724275
-0.299013
-1.638076
-0.955861
0.038828
1.385096
1.103861
0.881554
0.785017
-0.532724
1.112193
0.520375
0.479940
-0.177380
1.062524
-0.516142
-1.718556
0.292439
-0.898910
0.917624
