0.000000
-1.598793
0.574879
0.839455
1.187169
0.853216
-1.540292
0.961276
-0.253083
0.574781
-0.186155
1.668272
-2.066108
-0.797568
-1.059135
1.476416
1.666965
0.898930
0.862089
-0.187215
0.254931
0.564734
0.811394
0.093039
1.030116
-0.486685
-1.698487
1.554598
1.123256
0.414887
0.042409
-1.798059
0.478117
-0.423966
-0.588373
0.874828
0.589857
0.474345
-0.911505
0.073412
-0.076637
-0.565586
-0.163673
-1.796456
-0.227076
-0.252709
-0.658063
-0.296491
-0.556381
0.221210
-1.451717
0.552586
-0.308702
0.310664
-0.768669
-0.438215
-0.371494
1.259123
-0.094693
0.140339
-1.446104
-0.299730
2.112828
2.792869
1.170348
0.884927
-1.216195
-0.749725
-0.415969
0.551153
-0.991858
1.398988
0.252998
-1.748615
-0.524703
0.512584
-0.684195
1.069700
-0.605636
0.954170
0.759610
2.009002
0.248936
0.263985
0.586364
1.055221
1.377060
-0.039927
-1.838665
1.102175
0.878348
-0.595680
0.286232
1.213263
-0.859508
1.753509
-0.147898
0.856221
0.088036
-1.010712
0.544283
0.828404
2.320118
1.328708
0.968901
0.712993
-0.063515
0.359845
1.605216
1.644484
0.753515
-0.320850
-1.247575
-0.434251
0.276547
-0.288690
-1.286567
-2.486652
-2.254537
-2.825423
-2.011933
-1.812999
-1.802580
-3.096097
-3.128922
-3.120202
-3.016260
-0.454711
-0.597964
-1.527463
-1.892751
-1.444735
-1.405447
-0.876397
-0.160436
0.388184
2.169440
1.484624
0.671240
-0.280772
-0.710109
-0.963218
-0.839151
-0.359483
0.564902
-0.373267
-1.285513
-2.285784
-1.615616
-0.298080
0.990297
-0.341654
-1.151663
-0.661023
-0.510345
0.717482
0.803264
0.794467
-1.136792
-1.333445
-0.955090
-1.146543
0.119634
-1.654925
-1.727368
-1.585804
-2.456963
-1.783081
-1.807012
-1.388341
-0.576906
-0.722021
-1.534252
-1.923679
-2.063317
-1.238636
-2.125151
-2.697300
-3.777550
-3.083707
-3.295094
-3.006502
-1.404782
1.173755
0.634959
1.628081
0.950316
-1.644854
-0.286948
0.258565
0.295939
0.456202
-0.412020
-1.569876
-2.294974
-2.053541
-0.692820
-0.012106
-0.798396
0.165329
-0.099185
-0.138764
-1.092709
1.138533
-1.149634
-0.218953
-1.393022
-0.151867
0.376084
-0.143937
-0.332332
0.359445
-1.700889
-1.850272
0.638549
-0.482421
0.183116
2.445762
0.340792
0.249713
0.323058
-0.983346
1.037519
0.297472
1.311101
0.811867
-0.537850
-1.029790
-1.605242
0.265086
-0.050339
-1.150832
1.205515
-0.171429
-1.130768
0.087320
-0.857288
0.347575
2.496095
-0.964647
-0.258425
0.222732
0.388654
0.094626
-0.806166
-3.120144
-1.615965
-0.372129
1.423032
0.348834
1.188932
1.411070
-0.967824
-0.299590
-0.487576
2.299918
-0.493939
-1.533991
-1.118918
-0.363028
1.819087
0.677204
-0.513170
1.609086
1.484477
1.110950
0.026555
-2.105100
0.689453
-0.086977
-0.523981
0.133699
-0.779337
-2.387371
0.177130
1.051522
1.005565
0.252560
1.783358
1.581245
0.829169
-0.319241
-1.747085
-0.373715
-1.818689
-1.884359
-0.548503
0.195846
0.601483
1.169083
-0.054035
-1.693829
-0.543099
0.863797
-0.260221
-1.902664
-0.159185
-1.191368
-1.185002
-0.808108
1.126943
0.111552
0.785422
-1.470254
0.426783
0.130959
-2.410549
-2.581692
-2.835550
-1.939272
-2.217873
-4.658175
-5.757810
-4.991132
-4.222041
-2.653823
-3.458536
-0.163483
-2.557513
-3.839376
-3.575938
-2.464831
-1.705111
-2.873125
-2.761756
-0.952745
0.223966
0.450506
2.335338
2.824566
3.005001
3.987747
3.602327
2.444849
1.913220
2.012860
1.588342
1.562187
1.593905
3.133287
2.786605
3.381640
4.664539
4.489584
4.191183
2.878655
2.954954
2.657960
2.083652
1.862050
0.543293
-0.437592
-0.487054
0.518724
2.110086
1.791343
1.191854
1.338736
1.186189
0.552626
1.043797
0.856265
0.445279
1.052706
0.548541
0.232394
0.624235
0.762915
0.806600
0.929127
0.674985
1.673270
1.292769
1.139970
2.141834
1.708897
2.571322
1.546812
0.695261
0.354670
1.546106
1.703784
-0.123249
-0.315886
-0.219556
-1.398060
-0.248186
-0.794948
-1.092236
0.229377
1.606882
1.764053
2.554562
2.300141
2.054957
0.981059
1.435092
1.453989
2.162846
0.202407
-1.133453
-1.679189
0.027217
0.756572
-1.146195
-0.947644
0.168899
2.059913
1.070220
-0.050215
2.601225
0.770629
0.381371
0.278219
1.075213
-0.567757
-0.002362
0.212271
0.331444
-0.148383
1.903666
0.355016
-0.065498
1.093757
-0.080971
-0.040975
-0.250562
-0.030250
-1.182744
0.677251
0.404972
2.523113
-1.967482
1.018293
0.795406
-0.418219
-1.011879
-0.308282
0.305283
0.009554
0.717209
0.187354
0.254622
-0.807836
-0.096500
-0.288207
-1.156748
1.448692
1.953183
0.665277
0.535099
0.534511
0.069887
0.500280
-0.103876
-1.873630
-0.432054
0.923824
-0.415239
0.163004
0.215505
-2.138489
1.321846
0.393474
1.351247
-2.525720
0.212132
0.774756
1.064496
0.370505
1.205234
-0.898796
1.053462
0.621370
1.977189
0.482346
0.172486
-0.904225
-1.400086
0.171440
0.763921
0.822639
-0.350654
-0.757053
-0.193736
-0.845901
-0.477392
1.250026
-1.271340
0.801549
-0.768714
0.473660
-1.158741
1.059363
-1.257123
-0.026702
-0.803625
-2.289282
-3.423880
-2.626905
-1.405863
-0.309912
-0.591834
-1.934070
-1.016933
-1.806364
-1.464625
-1.508238
-0.146452
1.043188
-0.119532
1.003216
0.296884
0.593263
0.803953
-0.679418
-0.341112
-1.471450
-1.424965
-0.950051
-0.832115
-0.243917
-0.592402
-0.265142
-1.152785
-1.334562
-2.500994
-1.831337
-3.016264
-4.811311
-2.560793
-2.330923
-0.982558
-0.858773
-2.020414
-0.276308
-0.631584
-0.914440
-0.178063
-0.108484
-1.304898
-0.556204
-0.164090
0.069156
1.828542
1.574026
1.268512
0.403877
-0.752742
-0.410174
-0.613071
-0.997167
-0.895949
-1.186495
-0.645570
0.689031
-0.208955
-1.679939
-0.068850
1.000279
-0.314280
0.872442
-0.189356
0.505910
-0.420637
0.100551
0.425053
-0.668411
0.344932
0.979540
2.544506
2.583410
2.169046
2.366153
1.533196
1.725956
-0.071352
-0.310729
0.697354
-0.022758
0.095277
-0.353937
-0.174768
-1.017799
-0.102911
-0.738798
-1.483896
1.909126
1.069636
1.469415
0.235597
0.915391
1.447954
0.324184
1.233473
-0.446896
-1.562767
-2.118874
-0.472131
-0.773586
0.072000
-0.086932
-0.930337
-1.360129
0.940975
1.783393
-0.369025
0.327634
-0.457304
0.452568
0.943822
0.816916
-0.827707
0.057852
0.031904
0.290776
-1.173364
0.879359
-0.250476
0.208073
0.865410
-1.005169
-0.138177
-1.120944
-0.196488
-0.880848
-1.675366
0.303715
-0.922216
1.939628
-3.025440
-0.622959
-1.633983
1.165022
0.817603
0.805430
-2.224246
0.674345
1.179854
-0.420763
1.107297
-0.738345
-0.401982
1.831636
-0.520339
-0.873538
1.446416
0.149418
0.190994
0.415294
0.036601
-0.291722
1.166012
-1.339173
-1.175540
-0.764439
0.941114
1.876880
1.108602
0.639299
1.033611
-0.142523
0.315229
-0.459316
-0.706145
-0.246196
-1.508860
-1.178067
-1.380687
0.643726
-0.181006
0.103193
-1.094001
-1.335691
0.677059
-1.290968
0.207761
-0.258145
1.038809
1.029470
1.228418
-1.216557
0.469972
-0.729253
0.930180
-0.867686
0.295191
0.435264
0.288537
-2.236689
-0.097212
0.128153
0.018076
0.277947
-0.889885
-1.046791
-0.287095
2.782179
2.350304
0.585343
0.799510
0.729902
0.817890
-1.479627
-1.417077
-1.937376
-1.266159
-1.151897
-1.675091
-1.703649
-0.513288
1.193093
1.003448
2.130405
0.880992
0.256638
-0.153024
-0.449724
1.612207
0.415815
0.989969
0.033337
-0.605394
-1.007348
-2.193543
-0.855072
-1.206317
-0.403253
0.058445
1.196679
1.651301
0.974493
0.559118
-1.093463
-2.893765
-2.736438
-1.292881
-0.942214
-0.706787
0.440148
0.016941
-0.328909
-1.432820
-0.889191
0.350841
1.752075
1.523092
3.898592
3.031033
2.315972
2.506679
2.404209
1.563549
2.571492
2.787935
3.242685
3.199520
3.149855
2.643252
2.250405
1.517990
-1.036834
-0.462086
2.802655
3.827316
3.026912
3.347233
4.922719
5.100590
5.852038
5.387925
4.072622
3.583019
4.794828
5.532178
5.659841
4.663394
2.349254
3.354374
2.960036
2.798939
1.412419
0.624776
0.268822
-1.049606
0.472041
2.277193
0.478802
0.342062
0.379308
0.604488
-0.196855
-2.156546
-3.322784
-1.190375
-1.774960
-2.327161
-2.763661
-2.255043
0.136465
0.945616
-0.956998
0.935737
-0.154877
1.112695
1.131286
-0.699043
-0.835501
0.326935
0.025264
0.883476
0.748864
-0.687056
-0.952158
0.570934
-0.258923
0.017138
0.032890
-0.184494
-0.107941
0.671060
-0.256282
-1.651858
0.631404
-0.848166
-0.710482
-0.053916
-1.160010
-2.463939
-3.313744
0.019767
0.039937
0.999840
0.731848
1.110939
1.075124
-0.520998
0.696853
2.189455
-0.063785
-0.799186
1.154472
1.655512
0.980008
-0.109509
-1.087312
0.334423
-1.089980
0.411749
-0.179689
-0.165572
0.703673
-1.084949
-1.407828
-1.888946
-0.442642
-0.466801
-0.654004
-0.138926
1.133644
0.047379
2.098439
0.074476
0.202690
-0.203922
0.414021
0.815522
0.057203
-0.359380
0.936515
0.842223
-2.107021
0.748894
-1.090399
0.845505
-0.398907
0.520785
-1.093663
0.679232
-1.726177
-0.603009
-0.045785
-0.588158
0.065219
0.589156
0.246364
-0.206529
-0.206322
-0.361049
-0.817508
1.600188
0.135934
1.589088
0.114898
-1.127978
-0.287491
0.105178
2.262466
0.931645
2.116330
2.362221
3.685508
3.703235
2.731619
4.630365
2.691535
2.082644
2.009190
1.608487
2.386309
2.317298
1.775252
1.050278
1.262691
2.917966
2.867452
3.556307
1.153294
1.348971
1.335301
0.460809
0.729234
1.487760
2.168082
0.279631
-0.043392
0.820505
0.066030
0.334575
0.373252
-0.199175
-0.267207
1.402306
2.045421
0.540892
0.602750
0.908404
-0.319670
1.731974
1.892029
1.931508
3.953467
1.533691
0.424024
0.283136
-1.062297
-1.011729
-1.269801
-0.059116
1.463117
1.239657
-0.038743
-1.144060
-2.191942
-1.158941
-0.844587
0.327200
0.316969
2.077015
1.908669
2.495508
1.112612
1.113182
1.448456
1.097502
-0.397228
-0.386071
0.530332
0.402182
0.981672
-0.871500
0.504285
0.486494
2.801441
1.959336
0.787799
-0.519372
0.103891
0.860160
1.406823
1.956239
1.208349
2.662433
1.578219
2.108745
3.469032
3.230166
2.552598
0.891856
0.316996
0.102119
0.320854
-0.174455
-1.237711
-0.847936
-1.119082
-0.113605
0.184017
-0.334886
1.507132
-0.471276
2.237012
0.145542
-1.731990
-1.643221
1.497227
0.982247
0.986579
0.886942
0.391286
-0.756278
-0.028868
0.086232
-0.522164
-0.445157
-0.477212
0.683886
1.640558
0.604919
0.238739
0.378927
2.399413
-0.597020
-1.022440
0.264675
-0.912608
1.198730
-0.786181
1.209317
0.868410
1.585301
0.191018
0.097081
-0.298168
-1.945329
-0.765728
-1.427580
-1.528176
-2.510570
0.834402
0.183452
0.297392
-1.250349
0.534637
0.904485
-0.300535
-0.700161
0.110650
-0.052457
1.062044
1.729801
-0.603896
0.746099
-0.394777
-0.997368
0.029439
0.533468
-2.593889
-0.551551
-0.601740
-0.152011
1.724354
-0.947122
0.643874
-0.212970
1.029898
1.575789
1.538967
0.332611
0.659536
-1.603225
-0.903737
-1.188507
-0.651740
-0.384638
-0.180027
-1.159423
-0.104646
-0.830572
-0.212114
0.159268
0.070061
0.125365
-0.340523
-0.206768
0.106708
0.124660
-1.670890
1.369425
0.184428
0.524942
0.005133
-0.028297
-1.356281
-1.995988
-0.783239
0.578791
-1.141573
-1.942379
0.199872
0.763905
1.398651
1.988425
3.082372
3.131665
2.383755
3.402317
0.884818
1.263367
0.723216
-0.261695
0.380641
1.109044
0.888398
-0.911381
-0.566308
-0.012349
0.160606
0.256474
-0.734051
-0.878424
-2.202775
-2.146261
-2.100292
-2.036097
-1.549093
-0.882564
-0.045330
-1.292680
0.259570
0.252166
1.022410
0.208880
-0.761635
-1.188694
-1.198443
-2.319736
-2.155415
-2.958618
-1.553806
-2.010867
-1.002104
-0.679724
-1.547317
-2.927298
-0.243012
-2.006407
-1.791407
-2.575513
-2.747951
-1.827862
-1.846432
-1.248667
-1.495591
-0.701752
-1.533895
-0.695416
-0.734096
0.519801
-0.607053
0.336776
0.810807
-0.088365
-0.922513
-1.859341
-1.105593
-0.132197
-0.659630
-0.545284
-0.126186
0.841191
1.973166
0.692858
0.936055
1.822596
0.586090
0.402183
1.018874
0.852464
1.626422
0.246536
-0.500733
-1.454986
-2.894050
0.247930
1.402766
2.707118
0.105200
1.143697
2.467873
1.838122
1.010152
0.920626
-0.697102
1.509060
1.446717
-0.311604
0.797320
0.364707
0.035731
0.461523
-0.840018
0.108692
-1.294024
1.151658
1.871955
1.408118
0.253690
0.209839
0.309418
0.554872
-0.140292
0.831679
-0.405724
-0.498057
0.327131
1.683189
-1.942518
-0.048198
-0.060341
-1.356395
0.184152
-0.634610
-0.713388
1.290369
0.470003
0.544321
0.573304
0.809983
0.341134
0.067151
-0.941230
0.699056
1.652798
1.424688
1.740383
0.815306
0.966445
-1.957191
0.616228
-0.362086
1.092283
0.977800
1.640993
-0.729291
1.729157
-0.632624
-0.389857
-1.463455
-2.798338
-1.882124
0.229398
0.499300
-1.392431
2.002425
1.144505
0.948497
0.612260
-0.490535
-0.481454
-0.913985
1.259820
0.810504
0.867377
-0.766040
-0.299288
-0.316404
0.248991
-1.294931
-0.481115
0.021768
-0.765691
-1.332812
0.343011
0.760987
-2.332305
1.736234
-1.107974
0.746010
2.147141
0.137172
2.551383
0.246162
0.339172
-0.497799
-0.061876
0.079995
0.241468
-1.212438
0.272224
0.583688
-0.016119
-0.712788
-1.623511
0.688808
0.822648
-0.052700
0.442138
0.429101
-1.450554
-2.704389
-1.436482
0.355222
1.195168
0.413798
0.802004
0.698285
-0.524900
-0.827559
-1.753160
-0.808688
-0.828076
-0.909998
-0.643505
-0.054965
-1.570277
-0.741001
-0.052478
-0.506541
-1.038064
-2.215403
-2.363185
-2.888797
-2.945205
-2.476511
-2.319718
-1.762429
-1.796589
-0.745961
1.043656
-0.627016
-0.109549
-1.223273
-0.785176
-2.545847
-3.043611
-3.143833
-2.255444
-3.004569
-1.934092
-2.839702
-2.745844
-3.528870
-1.116145
-1.264894
-0.713034
-3.790385
-3.136116
-3.196333
-1.744086
-0.917316
-2.085025
-2.175499
-0.371015
-0.015781
-0.847235
-0.718195
-0.859510
-0.569372
-1.986743
-1.954534
-1.135956
-1.345085
-1.310731
-1.572001
-0.893622
0.158147
-1.465124
-1.907258
-2.504334
-2.004836
-0.944560
-1.188340
-2.507241
-1.678749
0.468733
0.059463
-1.295737
-1.165604
-1.467405
-0.318758
-0.879233
-1.183189
-1.337887
-1.043959
-0.417654
-0.338696
0.295230
0.165093
-0.361278
-0.283149
-0.659533
-0.499784
0.165632
0.573197
0.393952
0.425836
-2.240864
1.726111
-0.950097
-0.753579
-0.217116
-0.031175
2.789868
0.827908
0.315108
1.717370
0.694219
-1.213307
-0.386151
-1.516414
-1.069768
0.156568
-1.508369
-1.158442
0.634899
0.112688
-1.327261
1.455971
-0.767439
0.428387
-1.164850
1.143137
-0.431559
1.001391
2.407934
0.797047
-0.723445
2.143490
0.664199
1.559502
0.112764
0.514039
-0.168460
1.096370
-0.025535
-0.974115
-1.021356
2.660590
-0.856728
-1.458145
-1.719533
-1.046280
0.300298
1.185493
-0.376230
-0.195399
1.214778
0.373070
1.057104
0.219374
0.301742
-0.942888
0.148966
0.229004
0.850917
-0.947928
0.852787
-0.256056
-2.112857
-0.952075
1.331826
0.152637
1.278916
1.321369
1.485318
0.856463
0.833652
0.477774
-1.684495
-1.614540
0.342264
0.293028
-1.527382
0.097760
1.045769
1.393875
-0.236964
0.700135
-0.971509
1.274172
0.225311
0.870085
-0.270375
-0.359042
0.919349
-0.055646
1.343126
0.082564
1.571903
0.254694
0.556051
1.040187
1.472918
2.456521
2.287073
-0.075874
0.792726
0.593119
-0.076729
0.168958
0.357233
0.188066
1.791274
2.973360
-0.267565
0.371338
-0.921293
-0.505216
0.311035
0.861745
2.579427
2.517364
1.773614
2.848066
2.943632
3.035565
1.921061
1.373668
1.787810
1.432553
-0.508084
-0.094538
-1.416237
-1.074754
1.215034
1.211365
2.253338
-1.041264
-2.409538
-2.590365
-0.830552
-0.844929
-1.139038
-0.847097
-1.289432
-0.528716
0.405052
-0.560325
-0.227629
-1.201666
-1.347211
-1.244270
-1.535014
-1.957961
-1.953174
-2.392967
-1.886673
-3.254295
-4.156368
-4.347038
-2.704242
-4.844941
-3.088084
-3.472766
-2.546926
-3.815206
-4.194630
-3.019278
-2.454901
-2.378538
-1.233581
-2.260665
-2.080567
-2.829332
-3.386211
-3.004709
-2.348208
-0.866934
-0.960797
-1.094492
-3.036571
-2.604993
-2.540315
-2.534211
-1.158109
-1.179296
-0.417100
1.345709
-1.392556
-1.010797
-0.390369
0.245655
0.568742
-0.426875
-1.686377
-0.314944
-0.631383
0.035524
-0.913729
-0.071654
0.714590
0.572253
0.989214
-1.161330
-1.167476
-1.415400
-0.930597
-0.338404
-0.334453
0.626233
-0.488033
-0.270983
-0.016185
-0.228554
0.506981
0.066254
1.136910
0.500070
0.277640
0.648958
-0.246419
1.856944
1.261257
-1.285369
1.545069
-0.738843
-0.452098
-2.002324
-0.738406
-0.211000
1.396891
0.211941
-0.509147
-0.416272
-2.901815
-0.594974
-0.231217
-0.897943
-1.246497
-1.362812
0.077915
0.486510
0.571486
-1.106849
0.057857
1.839178
1.791455
-0.586590
0.266696
1.386457
1.449927
0.111424
0.683664
2.673236
0.624212
1.302911
1.689480
-2.026282
-0.739573
0.637610
0.348804
1.970193
-0.662182
-1.861388
-0.611139
-0.608863
-0.060165
-0.168308
-0.799249
-0.171848
0.098481
-0.017283
0.157277
1.419901
-0.559633
-0.675295
-0.739384
1.627682
0.132413
0.108491
-0.745468
1.492706
-1.693688
-2.080755
0.584010
1.006070
1.001573
-0.931931
-1.574440
-0.122620
-0.416884
-0.286631
0.918470
0.930290
0.850738
1.149290
0.851060
1.028003
-0.323065
0.372127
0.214125
0.553824
0.251464
0.923711
1.205024
1.726751
1.348369
2.025017
1.487768
0.454495
1.619961
1.857870
2.094999
2.680544
3.586393
3.905577
3.633270
3.033976
1.471165
0.135659
0.500485
0.047150
-0.475537
-1.400908
-0.501122
0.345647
1.314361
1.443572
0.465479
-0.394361
-0.538550
-0.724373
-0.248809
-0.400791
1.084528
0.713386
1.036767
2.173850
0.174546
-1.059066
-2.372083
-3.473293
-2.518529
-2.967240
-3.103973
-4.075745
-3.472757
-5.221645
-3.428380
-3.819931
-4.672293
-6.281151
-6.823947
-4.543251
-4.291290
-3.209743
-2.216899
-4.431054
-4.240575
-4.416471
-4.662363
-2.561370
-1.189134
0.178483
0.880623
-0.171664
0.236560
0.901305
1.803960
0.096010
-1.203665
-0.635183
-1.043219
0.490515
0.622899
0.637428
0.617899
1.307471
0.744106
1.592018
2.639105
0.334840
0.213768
0.133069
0.769865
-0.212397
-0.626184
-0.458926
-2.142047
-2.276471
-2.879751
-0.967563
0.719049
1.130430
1.824235
2.360335
1.916196
-0.313655
-0.962527
0.135570
-0.952828
-0.349298
-0.625910
-0.180466
-0.089960
-0.205749
1.387929
-0.930961
0.062674
-0.069973
0.449580
0.006387
0.293613
0.128416
0.230512
-0.259655
1.129521
-0.487865
1.572157
-1.114380
-1.565712
-0.177034
0.256180
0.030646
0.406220
1.538883
2.588984
-1.302432
-1.143151
-0.510455
-0.709021
0.962205
-1.244836
0.072969
0.371668
-0.475480
0.504886
-1.456362
0.385967
-0.368016
0.215989
0.260248
-1.833589
-0.523326
1.870616
-1.025452
0.397025
0.486673
1.581550
0.195328
-0.978099
0.571770
1.003549
1.667428
-0.875460
0.204976
-1.855574
2.654654
0.613664
0.955326
-0.270912
1.550908
-1.565907
0.031298
0.649496
0.454190
1.488759
0.582523
-1.402658
-0.335275
-0.602513
0.560968
-0.663724
0.019083
0.192234
-1.077993
0.744310
-2.979820
-0.778903
-1.995183
-3.095945
0.760269
1.501272
0.200122
0.842361
1.225070
1.542323
1.375365
-0.397611
0.425379
-0.696652
0.642492
-1.067870
0.496924
0.117688
1.096646
-0.118039
1.563616
-0.400209
0.976957
0.973716
0.631603
2.091766
1.579868
2.460209
0.986975
-0.770344
-0.751560
1.516374
2.374948
1.453351
2.190735
2.453361
1.943442
2.703696
2.887652
0.969930
1.115662
1.195880
2.234548
0.472284
1.857034
1.366523
1.421925
2.204697
1.717200
2.557335
1.207830
1.212504
2.044996
0.780526
0.901957
1.630058
1.743379
1.711625
0.825314
0.708690
0.419026
-0.066202
-0.213650
-1.371094
-1.106060
-2.408133
-2.382842
-2.300443
-2.365147
-2.459495
-1.212333
-0.897387
-0.181383
-0.598965
1.936377
3.180220
3.945535
1.613933
1.633984
1.639321
1.153365
2.556192
1.761992
1.180482
1.343931
0.916034
1.254482
2.783653
2.403796
2.684742
1.409756
0.201515
0.346212
-0.661942
1.165395
-0.000524
-0.075024
0.256681
-0.286142
0.057232
-0.438260
-1.730720
-3.340604
-4.715231
-5.130127
-4.502391
-3.831109
-4.704516
-3.643719
-3.022960
-2.975903
-4.005820
-3.594841
-3.365650
-2.215655
-1.687113
-0.165817
0.322944
1.217259
1.653461
2.116115
0.469270
-0.292126
-1.679724
0.896358
0.037645
0.853087
-1.496178
-0.999716
0.107404
0.740664
0.218112
-1.123731
-0.411355
-1.512394
2.054331
0.302604
0.886905
0.286092
-1.255115
1.291330
-2.057489
0.787991
0.593287
-0.752618
-1.420415
-0.039827
-1.252609
-1.153337
1.166675
2.722876
1.465146
-0.368837
-1.193841
-0.819237
-0.033768
1.605200
0.343373
2.505429
0.787125
-0.759021
-0.809882
1.044902
0.193814
-0.971039
0.654993
0.871172
0.825648
-0.155214
0.155831
0.829707
1.251320
-1.199863
-1.839837
-0.770350
1.336153
-0.591587
1.270442
1.153120
1.119205
1.185007
0.927589
-0.629193
0.696498
1.910443
1.990585
2.327728
1.939080
0.179316
-0.334840
-0.322328
-0.762405
1.378304
0.040871
1.137529
-0.401799
-2.658837
-0.110904
0.718257
-0.926545
-1.246129
-0.786385
1.484240
1.263611
-0.360217
-1.187614
1.531710
1.378616
-1.191388
-1.037206
-0.749282
-0.615068
0.413388
0.260281
1.931134
1.236979
0.818773
0.080042
-0.794287
0.326359
1.747598
1.113022
0.749003
2.343908
1.945919
2.615483
1.746010
1.226138
-0.353273
0.989990
0.212497
0.310350
2.536738
2.873048
3.743682
2.864384
3.322461
2.801078
2.343307
2.696859
2.206861
2.131032
1.290460
0.639672
0.090771
-1.800115
-1.624361
-1.878638
-1.001211
1.052599
0.875658
-0.973714
-3.324944
-2.651392
-2.280517
-1.557169
-2.391883
-1.047315
-1.481069
-0.157285
1.585652
2.488613
4.105254
2.651955
1.902327
1.938345
1.325398
0.275673
1.582024
0.813616
1.241991
0.759269
1.793683
1.938295
0.848820
0.528080
-0.898574
-0.414372
1.206172
2.120522
1.552072
1.114532
0.836082
1.278751
1.511372
1.450880
2.348645
0.498013
1.541929
1.838736
0.739199
2.742043
3.030025
3.069552
4.178574
3.571897
2.717434
1.799117
1.473683
0.526851
0.179322
-0.023270
-0.031495
0.788267
0.953631
0.744794
1.655625
1.757038
1.622191
0.902233
0.995105
0.104550
-0.127325
1.174175
0.054341
-0.379076
-0.263678
0.196596
0.996008
-0.092191
-0.061455
1.319842
0.992096
-0.044490
0.299673
-0.069129
0.839713
0.840273
-1.069241
-0.703944
0.493534
0.073033
-0.293675
0.893446
0.975664
0.845771
0.958269
2.305849
1.084709
-1.143123
-0.127199
0.896389
0.071313
-1.637296
-2.826577
-3.193838
-2.748700
-0.065982
-0.716261
0.823800
0.048341
-0.403262
0.161716
-0.514880
1.218309
-1.360018
-0.916929
0.591097
-1.577697
-1.300114
-0.114850
0.346698
0.038243
0.509178
-1.425509
0.437107
0.364376
0.936926
-0.016652
0.190982
-0.717539
-1.179448
-0.606446
-0.209879
0.345370
1.263413
-1.832285
1.845096
0.458831
1.020292
0.546410
0.938384
0.922618
-1.126233
-0.034273
0.405608
1.316879
-1.080111
-0.818212
0.894380
0.453062
-0.106424
1.608213
-1.783203
1.592186
-1.981976
-1.478046
-0.099888
0.668156
0.427645
-1.122895
-0.746576
-0.105344
0.344450
-0.424400
0.881765
1.028735
-0.047366
-0.556556
-0.421234
0.692183
1.207562
0.310882
0.433981
-0.589073
0.751456
0.981556
-3.066627
-1.789194
-1.686647
-0.799734
-1.218969
-1.629006
-2.655725
-2.192473
-1.983966
-0.997788
-2.448656
-1.287632
-0.402868
-0.116081
-0.491844
-2.667592
-3.328184
-2.619600
-2.669806
-2.345670
-1.231269
-0.472935
1.475552
0.573279
0.730021
0.425854
0.362501
0.592577
1.657318
0.614547
0.062961
-2.231542
-1.475784
-2.221622
-2.655822
-2.168343
-3.177020
-2.803785
-3.217283
-3.218274
-3.954096
-3.075769
-2.895377
-3.271552
-0.778605
-0.627206
-1.897056
-2.615393
-2.443537
-3.179753
-3.365164
-2.426970
-3.142119
-0.787306
0.284653
0.131131
-0.428925
-1.651644
0.061492
0.884382
0.177845
-0.518398
0.010699
-0.599600
-1.031352
-1.219662
-0.009887
-1.155949
-3.734955
-5.084659
-4.347065
-6.983883
-5.407395
-3.274989
-3.292528
-3.016972
-3.783287
-2.531677
-1.168562
-0.385623
-0.699614
-0.596596
-0.359118
-0.663653
-1.360656
-1.575928
-1.948391
-3.014058
-3.425092
-3.434898
-1.979129
-0.536093
0.223505
1.625793
0.700941
-1.513870
-0.644910
1.268499
1.685651
-1.673159
0.722039
-0.739715
-0.958460
1.395021
0.349623
-0.019256
0.493976
-0.134857
-2.130009
0.711001
0.164954
0.206063
0.709867
-0.245615
1.012830
0.455317
1.664069
-1.050496
0.783739
-0.500095
0.210773
0.537021
0.047221
-1.061246
-0.837500
-0.129048
-1.040991
-2.019357
-0.508454
-2.768838
0.520568
-0.255367
0.961663
-1.257104
1.678029
-0.320828
-0.165920
0.738743
0.163587
-0.754991
-1.486092
0.233509
0.186942
-1.203917
-0.581052
0.683728
0.371767
0.254175
-0.261694
-0.683798
-0.755011
1.232184
-1.141902
-0.648040
-0.537925
-1.029281
-0.341878
0.626526
-0.537700
0.241995
-0.784031
-0.571718
0.107126
0.284982
-1.785267
-0.320060
-0.095524
0.405064
0.169954
1.740335
1.133666
-2.035314
1.100913
0.154796
-1.460846
-1.476563
-0.872335
0.890338
1.640181
-1.916362
-0.197207
-0.023176
0.190966
0.752305
1.452016
-1.472977
-1.143060
0.654616
0.068454
2.303928
-0.231774
-0.124283
1.731077
0.186934
-1.794962
1.086962
-0.224836
-1.341957
-1.596160
-2.732108
-2.034276
-3.166059
-3.702539
-3.975585
-2.061308
-1.979897
-3.499187
-2.659217
-2.488763
-2.059548
-1.427294
0.332153
1.608052
3.172375
2.127799
2.332219
3.049770
1.055745
-0.241025
1.865377
1.538328
1.540864
0.576970
1.887871
1.272354
0.929361
1.561217
0.622433
0.640011
-0.738600
-0.402803
1.945861
1.743625
2.476192
0.663621
0.311953
-0.730367
0.070783
-0.968024
-2.737104
-0.844168
0.289212
1.365050
1.349650
-0.673121
-0.670502
-1.022653
-0.852815
-0.806044
-1.903626
-1.727664
-2.293108
-3.058386
-2.299233
-3.050919
-2.075124
-2.736296
-1.013972
-1.616665
-1.224109
-2.603770
-2.657393
-3.667079
-2.781885
-2.749540
-1.484698
-1.859066
-1.742363
-3.163719
-2.841541
-2.133260
-3.153367
-3.671510
-4.277377
-4.059261
-3.605835
-3.500048
-1.676642
-1.118191
-1.490845
-2.265368
-1.770052
-3.787712
-3.089090
-4.344413
-3.453000
-2.330112
-3.555711
-2.721059
-2.562245
-1.248683
-0.700634
-1.479982
-0.950868
0.770655
-0.026300
0.594092
-0.056547
0.698718
1.139314
1.847996
0.741573
1.196882
1.081351
-0.407804
-0.097115
0.264045
-0.139138
1.002298
-0.195479
-0.312732
1.175601
1.752243
0.649468
0.148716
0.521973
-0.129196
1.763345
0.583742
0.471321
1.535544
0.118330
-0.175225
-0.526975
0.161508
-0.986386
-1.073058
-1.547357
-1.016214
-1.543756
0.389562
0.856813
1.042188
-0.400169
-0.883597
2.120639
-0.032914
0.409435
1.380842
1.734001
0.759268
-0.766572
1.721577
-1.439093
-0.816236
0.494459
0.985801
-0.152382
0.727461
1.914415
0.228888
-0.172872
-1.948437
-0.486765
-2.561821
0.378256
2.584971
1.441308
-0.146898
0.814453
-1.436354
-0.641082
-1.072582
-0.400680
-0.909979
2.124980
-0.127996
0.144794
-1.565582
-0.226076
0.726427
0.104636
0.992158
0.808328
0.660027
0.414636
1.042432
0.761088
1.146931
-0.087826
-1.931480
0.124470
-0.681635
-1.533887
-0.639616
-0.192759
-0.028736
-0.644430
-0.455017
0.836252
1.533628
0.010174
-2.097370
1.003962
0.915719
-0.570594
1.609891
-0.078425
-0.398752
0.241118
-1.570750
-2.165272
-1.551591
-1.188562
-0.866491
-0.748866
-0.039113
0.529492
0.705072
-0.129820
-2.709864
-4.044214
-2.907795
-3.883451
-3.128234
-2.943191
-3.273887
-2.026232
-2.222545
-1.684394
-0.968145
-1.471617
-1.916175
-2.301482
-1.235354
-0.691854
0.825644
1.660683
1.052240
1.650302
1.736603
1.485290
0.997130
0.759321
0.006555
1.756593
2.477249
0.487750
1.517910
1.585694
1.992604
1.098089
0.625636
-0.416607
0.281383
0.440008
1.242208
0.767203
0.423598
1.795207
2.844744
3.030874
4.483801
3.888223
4.037630
3.623621
3.911229
4.428875
3.653517
2.675262
3.035211
2.933634
2.923802
1.739260
0.986284
0.766236
-0.722860
-1.245532
-1.007147
0.474871
1.843658
1.442008
0.599610
-0.004833
-1.681892
-1.357818
-1.918846
-1.396379
-1.725618
-0.046858
-1.127024
-1.824324
-0.814221
-1.358252
-1.701808
-0.910967
-1.098404
-0.856879
-1.721347
-0.830345
-1.655581
-1.098455
-0.775844
-0.807564
0.535222
1.059439
0.635640
0.201491
1.245688
2.308972
2.486375
2.373702
0.467475
-0.103434
-0.737506
0.582661
0.626012
1.073749
0.461377
1.442183
1.706572
-1.487326
1.951284
-0.307167
1.151588
-0.216065
-0.297000
1.316252
1.014382
1.231737
0.113019
0.511558
0.898159
0.489361
-0.747295
-1.020123
-1.199753
-1.059595
0.241698
0.518329
0.052694
-0.969653
0.048139
1.573693
-0.925088
0.664026
2.686040
0.797051
-0.545617
2.175395
-0.554083
0.969255
-0.522737
1.437035
-0.234144
1.482869
-0.139669
0.591241
-0.569119
0.759534
-0.844742
-2.050187
-0.351864
-0.878961
0.560824
1.909844
-0.111684
-0.291774
-1.274212
-0.329880
1.181443
1.612337
-0.303043
-0.317019
0.177053
0.344589
-1.087070
0.938339
-0.322258
-0.124068
-0.990470
-0.516635
-1.032113
0.022821
-1.552101
0.005571
0.261787
1.183556
0.287262
-0.764707
-1.035621
0.183949
0.820954
1.118383
-1.728471
-0.022660
0.372673
0.577240
2.178264
0.677109
-0.660266
1.393903
-1.187623
0.624750
-0.274669
-0.361678
-1.469939
0.676269
1.631941
-1.349175
0.454369
0.604019
-1.288937
-1.886253
-0.965918
0.150139
0.186631
1.389083
-0.145042
-1.199303
0.880911
1.204653
2.333273
2.052605
3.717885
1.181160
0.367440
0.414011
0.324359
0.532379
0.592374
-0.572289
-2.715463
-3.389119
-1.897597
-0.855433
-0.340318
-0.293743
-1.500354
-0.491248
-1.250215
-1.035461
-2.064025
-1.984143
-1.338795
0.054984
-1.567321
-0.011458
0.796721
0.924133
-1.465763
-1.126554
-0.216203
-1.214937
-0.229676
0.505502
3.511882
4.307175
3.765656
3.625705
2.630198
2.385642
0.747105
0.312373
-1.119750
-0.034612
-0.127334
-0.258526
-2.031812
-1.062970
-0.166131
0.832547
1.426111
2.553988
0.730169
0.128799
0.732960
1.956962
0.565477
1.525575
0.670655
1.327105
-1.645632
-1.226063
-0.987003
-1.043888
-1.045598
-0.683162
-0.781532
-0.073162
0.774598
0.274345
1.416399
1.731728
3.015826
2.321431
2.846061
2.266607
1.969795
2.785356
1.088010
2.674201
2.752900
1.878293
1.183281
1.143402
1.073604
-0.320777
-0.203304
-1.648238
-2.078251
0.000569
-0.733569
0.848212
-0.879313
1.348597
0.025945
0.374494
2.276044
0.494445
0.291889
0.604137
-0.794797
0.746744
1.813163
-0.422903
-0.299097
0.504065
-0.230893
-0.928892
-0.797297
0.402074
0.935452
-1.494830
0.997206
-0.638953
-0.408112
0.176636
0.491892
-0.154933
-0.131055
1.033322
1.150159
1.153509
-0.364587
1.053854
-1.386703
1.114668
-0.263784
-1.238633
1.490562
-0.195090
-0.508456
0.471771
-0.452955
0.551613
-0.420987
0.382578
-0.170331
0.507338
0.642869
-0.333626
1.958573
0.617289
1.377180
1.130060
1.791284
-0.342871
0.503504
-1.824921
-1.260833
-0.246159
0.539992
0.189757
0.211796
1.559245
-0.316679
-0.149650
0.965629
0.365973
0.383016
-0.814301
0.598399
0.007982
0.171770
0.409870
0.918179
0.440739
-0.029444
0.015897
0.440167
-2.095725
0.256393
0.421630
0.757756
-1.661162
-1.280058
-0.263514
-1.344191
-0.554038
0.038966
0.405574
-0.352537
-1.005004
-0.101207
-0.706086
-0.122831
-0.148369
-1.121726
-2.348822
-0.511099
-1.201118
0.166444
0.743466
1.898374
1.514749
3.971757
1.540080
-0.325462
-0.884950
0.100179
-1.575555
-2.331012
-1.355252
-3.022212
-1.670688
-3.094078
-2.694556
-1.299073
-0.869792
0.097204
-0.114645
1.079449
2.992777
3.794171
2.153695
2.666209
3.672741
5.484581
3.328786
3.631374
4.123348
2.347375
0.472285
0.610058
1.381095
1.709360
-0.122899
-0.002916
-0.858526
0.134731
0.945642
0.352125
0.178512
0.749162
0.602000
0.910662
2.199288
1.720741
2.013547
0.984439
1.122941
-0.412325
-0.698873
-0.285100
-3.497450
-2.661817
-3.509855
-2.484978
-1.586169
-2.027778
-0.457084
1.351108
-0.444818
-0.560887
-0.614740
-0.995079
-1.521619
-0.399643
0.647104
0.750644
1.764067
1.289411
2.214138
1.280987
1.580390
2.898871
2.354236
3.036055
2.175765
0.804189
0.480927
-0.089142
0.191328
0.800938
1.371811
2.504049
1.346842
0.591099
0.051079
1.113980
-1.174328
-0.566153
-1.345096
-0.794766
-0.656769
-0.941988
-0.211714
0.213180
-0.096292
0.139850
-0.272996
-0.834511
-0.061817
1.084459
-0.631640
1.352406
-0.016939
-0.078644
-0.831641
2.090710
1.564491
0.715188
0.339518
-0.287812
-0.470703
0.935885
-1.293355
-0.800737
3.061667
0.227711
1.013714
0.491960
-0.255102
-0.571377
0.095332
-1.462496
-1.292902
-1.207990
-0.469937
0.805285
0.965246
1.559658
1.482836
-0.159494
1.096086
0.426117
1.819155
0.542217
1.257266
0.314233
0.161815
0.368547
2.163588
0.916252
-0.055844
-1.306750
-0.852902
1.479786
-2.082814
-0.697019
-0.299174
-0.110827
-0.330446
2.380468
1.584401
-1.129226
-1.519722
0.414267
0.722387
-0.545849
0.007746
-0.279023
0.101846
0.867139
-0.256198
-0.945088
-0.134491
-0.274258
0.967575
-1.325050
0.265543
-1.377633
1.501486
-0.476221
-1.060455
-0.609786
-0.380705
-1.301293
0.699272
-1.148047
-0.312674
-1.063747
0.527171
-0.372643
-1.555584
-0.396864
-0.139407
1.702186
-1.211309
-2.270976
-0.026862
-0.531049
1.514862
0.625160
-0.844221
0.569476
-0.125127
-0.721058
-2.110442
-1.838500
-1.299143
1.744153
0.818576
0.690253
0.623129
-1.761999
-1.250504
-0.780205
-1.260504
-2.507203
-1.390951
-0.730956
-1.640373
-1.366971
-0.840339
-0.609410
1.561016
1.816611
2.459581
1.429450
2.916801
2.741628
1.519527
2.880147
3.061376
3.374817
2.924515
0.825636
0.343583
1.768875
1.192183
1.091540
2.794278
2.735260
2.208573
1.508491
0.662522
0.410189
0.946950
0.640095
1.265121
1.626425
3.178253
4.469704
4.180031
3.505941
1.861088
2.049750
1.320826
1.734692
1.804506
2.091499
2.694189
2.948273
2.329635
0.316685
0.678873
-0.077287
0.788185
0.276085
-1.307171
0.585413
2.512775
1.388274
3.211980
1.667204
1.588076
3.050546
2.872968
2.523129
0.971465
-1.681345
-0.273462
-0.803086
-0.554608
-2.841531
-0.980926
-1.564600
-1.524366
-2.436167
-2.368973
-0.941017
0.168711
1.706852
-0.127414
0.511494
2.442577
2.707401
0.848690
1.963469
-1.404959
0.288658
-0.119926
-0.213977
0.145377
0.510894
0.666460
-0.341149
0.027665
-0.089864
0.790855
0.697440
0.204148
1.467150
1.219328
-0.470535
0.522222
0.222463
0.770421
-0.135640
-0.726524
-0.993358
-0.385808
0.369330
-0.284427
1.209887
0.292777
-0.172351
-1.237010
-0.570527
0.963426
0.050400
1.139304
-0.865631
0.186179
-1.301440
0.142519
-0.431918
-1.067164
0.923293
-1.089246
0.457928
0.904709
0.738228
1.183593
-0.083108
0.553738
0.439089
-1.349339
1.275255
0.237325
1.968769
1.024409
0.286226
-0.224461
-1.119780
-0.310506
0.008718
-0.376147
0.726022
0.650958
-1.179956
-0.636276
-1.395868
-2.101774
-0.487718
0.082443
0.115482
-0.429760
0.519067
0.863439
0.785302
0.379403
-0.657279
0.792623
0.151311
-1.129607
0.866190
0.312835
1.059757
-0.184415
-0.648672
-1.242737
1.133000
1.448176
2.156376
1.768178
0.548786
-1.511405
-0.384552
-0.187780
0.626898
1.002333
0.230234
0.534448
0.468041
0.900577
1.005201
0.766757
1.143436
2.620119
3.778971
3.511584
2.680222
2.426836
2.186153
1.467051
2.148996
1.415146
0.904871
-1.449183
-0.326504
0.279193
2.512311
2.385841
0.946628
-0.250110
2.185222
2.014076
2.437484
1.052866
1.453364
-0.214904
1.086264
3.994049
3.916028
3.619593
0.533690
0.751667
1.111503
1.056909
2.270032
2.459741
1.389438
0.188125
-0.191052
0.361949
0.877419
-0.188135
0.116803
0.340795
0.504859
-0.247113
0.173176
-0.938067
-0.372255
-0.256153
-0.619436
1.033199
0.486302
0.555237
0.703372
1.004845
1.942399
2.119913
2.815907
3.355389
2.843645
3.866380
2.810460
2.597647
3.331739
1.102938
1.184300
2.571520
1.124035
1.234702
0.638217
1.429134
1.465961
1.135233
1.109629
-0.135676
0.566938
-1.801735
-3.276817
-1.872771
-3.962895
-4.612007
-3.732070
-5.500642
-4.343325
-4.165052
-1.690054
-3.165421
-3.467239
-3.156536
-0.897124
0.025817
0.368577
-0.333583
-1.854302
-2.130986
-2.358283
-2.873217
-2.815932
-2.697857
1.693783
-0.945220
-1.580956
1.055841
0.233867
1.160917
-0.531094
0.339602
1.496147
-0.169638
-1.040630
-0.189834
-0.568801
-0.766959
0.413034
2.047923
-1.111370
-1.329655
-0.456094
0.793549
1.215945
0.920680
1.228011
0.460538
2.141731
-0.156354
0.187346
-0.212120
1.270871
-1.515816
-0.561521
0.180520
-2.573331
-0.382453
0.605111
0.123878
0.229711
-0.293222
-2.065408
-0.230074
0.785070
1.141712
-0.352241
-2.201130
-0.983204
-0.131177
0.488774
0.588845
0.792041
-0.615076
-0.613396
1.638004
-0.849824
-0.061244
-0.616998
-1.084034
0.828613
0.993381
0.885640
1.840959
-0.729346
-0.564027
-0.852259
-1.100836
1.217590
-1.393283
-0.529077
-0.202918
-0.439972
-0.214792
1.555391
-0.385583
-0.116473
2.135788
-0.238373
-0.774489
-1.363442
-0.851167
-0.870366
-1.772358
-0.375000
-0.930646
1.487514
0.396933
-0.049946
1.107718
-0.414058
0.427793
1.697835
0.549202
-0.812219
-0.316254
-1.580579
-0.050135
-1.299504
-0.128443
-0.717301
-1.306560
1.029688
-0.533404
-0.463054
0.837478
0.508474
0.480914
-0.682735
0.489550
0.261108
2.340530
2.300988
0.758537
2.014602
3.504402
3.000704
4.314300
1.926152
0.585580
1.111512
1.584129
-0.422706
-0.646584
0.267277
-2.209844
-2.003246
-3.151612
-3.870904
-4.733280
-3.907587
-3.418912
-3.649666
-2.532402
-2.773826
-1.982873
-1.071132
-0.323461
-0.673220
-0.923695
-2.447830
-1.236971
0.017835
-0.952612
-0.513843
-0.579998
0.010783
1.657546
1.665525
1.224918
0.246333
-0.244248
-1.758497
-1.095629
-1.023094
-0.445222
-1.142794
-2.497329
-2.141860
-1.242946
0.062646
-1.176404
-0.938373
-0.776868
-1.400876
-0.739657
-1.600959
-0.821346
0.909485
-0.041637
-0.031504
-0.370493
-0.780221
-2.486311
-3.099154
-0.332758
-0.474114
-1.311459
-0.720719
0.363843
-0.736679
-1.084581
-0.576137
0.209992
0.158859
0.266182
0.698691
1.470401
1.890644
1.235044
0.299595
0.434988
-0.279439
0.186202
-1.760719
-3.856147
-4.209600
-2.946096
-1.823491
-3.069293
-2.731898
-0.829667
0.341894
0.297424
0.070465
-0.983382
0.559945
1.397949
-1.856144
1.155746
2.328011
-0.516094
-0.512258
0.533639
-0.931817
-0.834971
-0.012445
-1.624641
-0.024350
-0.614911
1.888795
1.247983
0.573678
-0.764596
0.456673
-0.393516
-0.421301
0.180472
0.301159
1.110279
-0.681241
-0.654556
0.413024
0.748314
-0.802046
-1.200248
0.833140
1.594903
-0.390281
1.370261
-1.671286
-0.911319
0.755128
-1.566547
0.636826
-0.334079
0.878320
0.258715
0.409925
-0.691303
-0.999920
-0.849423
1.464452
0.447618
1.021273
1.131211
-0.725452
1.228248
-1.384544
-0.402429
-1.456533
0.761768
0.103718
1.482679
-0.166190
-0.106044
-0.662973
0.234741
1.605504
-1.894318
-1.701808
-2.178199
0.032904
-0.927488
-0.128787
-1.041384
-1.199466
0.491476
0.952537
-2.165493
0.395492
-1.171134
0.413784
0.321196
-1.001959
-1.155159
-1.396228
-2.286151
-0.924538
-0.104234
-0.676809
2.296204
-0.260142
0.574379
1.997306
1.228211
0.175832
-0.369747
0.984911
0.645801
0.123354
-0.740760
0.346374
1.385839
-0.090593
1.084759
2.819115
3.205883
1.868902
1.199231
1.112000
1.902970
0.043575
2.039809
3.054795
0.756365
-2.148554
-3.278204
-3.604222
-3.944835
-3.391590
-3.010612
-2.675575
-3.583272
-3.218325
-4.426855
-4.072960
-3.269560
-2.526449
-2.631939
-4.802303
-2.382116
-1.781881
-0.330817
-1.059520
-0.816043
-1.417346
-1.565447
-0.229519
-0.410135
-1.217368
-1.213755
-1.231426
-0.378046
-1.088031
-2.112285
-1.983686
-1.800912
-0.378188
0.595218
-0.454241
-0.634547
-0.108849
-0.366839
-0.600321
-0.635341
0.155742
0.234766
1.831278
0.345667
-1.616692
-1.099338
0.317619
-0.231838
-0.618932
0.973523
0.537953
-0.761746
-1.633173
-2.174303
-2.417564
-0.464071
-0.115492
-0.297356
1.697965
2.923012
1.976679
0.607535
0.594797
0.557522
0.587973
1.493696
0.710618
0.041723
0.375806
1.107516
-0.349629
-0.472230
0.721394
-0.103295
-0.423117
-0.140758
0.070693
1.981960
1.631110
1.788330
1.741212
1.701386
1.678464
0.687968
1.006434
2.673565
2.291095
-0.853575
-1.383462
0.453723
-0.037477
0.685781
-0.289802
-1.514160
0.522830
0.963052
-0.117796
-1.303599
-0.320487
-0.462370
0.210481
-2.372518
1.411222
-1.343119
-1.824045
-1.094314
-0.097650
1.269963
-0.526506
-0.266618
-2.697167
0.874572
-2.195665
-0.164003
-0.360234
-1.095362
-0.136844
1.268943
1.658180
-0.158441
1.555019
-0.450437
0.246668
-2.011403
0.542037
-0.390657
0.169450
0.264924
0.664674
-0.560188
-0.081500
-1.073140
-1.910886
-2.061030
-1.594993
-0.106882
-0.879448
-0.200005
-1.375030
1.918004
-0.289674
-1.925242
0.573164
0.918559
-0.217123
-0.289749
1.337581
-0.237452
-1.135459
0.421186
0.499921
0.672432
-0.383417
-1.020355
1.993599
1.179849
-0.319166
0.637150
-0.169062
-2.403509
0.147785
-0.305725
-0.403749
-0.412195
1.411610
-0.258386
1.508738
-0.319420
-0.024008
0.228689
0.900531
0.700536
1.822525
-0.979275
0.793919
-1.241095
-1.376662
-0.636340
-0.297705
0.259035
2.095190
0.878140
-0.142692
-0.331476
0.346697
-0.840005
-0.986844
-1.274933
-0.742036
0.019185
-0.207443
-1.913167
-0.737177
-1.775706
-2.128096
-1.122523
-1.610942
-3.578372
-2.860826
-3.019517
-3.397344
-3.084441
-2.962920
-2.219434
-3.167786
-3.095697
-2.537253
-1.052632
0.204568
-0.598593
-0.535460
-0.097944
1.085216
0.825660
1.045871
2.294879
-1.529268
-2.180357
-1.703876
-0.949996
-0.418127
1.495275
1.009424
2.757437
0.163808
-1.960308
-1.480034
-0.368390
-0.792473
-0.488531
-0.391372
-0.263480
0.537539
1.187456
0.788914
0.647819
2.056864
1.307294
0.511927
0.044745
0.795637
-0.371899
0.234502
-1.281503
-0.379890
0.700894
1.583736
1.352729
0.949146
0.559192
0.470728
-0.089170
-1.399859
-0.217240
-0.034897
-0.703240
-2.610755
-2.747031
-1.869818
-1.038267
0.767543
0.035030
-0.346460
-0.002059
0.562978
1.182196
-0.711071
0.835356
0.091830
-0.388846
-0.783985
-2.235789
-1.914443
-3.060003
-0.694642
-0.728106
0.194576
-1.057757
-0.519265
0.759087
-0.910751
-0.780175
1.138879
1.532704
0.384115
-0.158289
-1.562142
0.521179
0.757303
0.154120
0.192698
0.038718
-0.608090
1.012859
0.161812
0.656309
-1.723941
-0.249192
1.118633
0.280804
-1.049948
-1.911086
0.222605
-1.275606
0.248792
0.955992
0.268830
0.465377
0.367404
0.998984
-0.436894
-0.202384
-0.558004
2.013226
0.550523
0.914649
-0.667749
0.281695
2.713619
0.161998
-0.384574
-0.460258
0.099076
-0.338949
0.753791
-0.318656
-0.057122
-1.565679
-0.986594
-0.798671
0.436018
0.932112
-2.055080
-1.026407
-0.982266
-0.739530
-1.459949
-1.573960
1.780469
0.288467
-1.057391
0.791333
-0.678544
0.303131
0.864819
-0.815287
-0.637039
-1.493172
0.071489
0.086415
0.215465
-2.552142
-0.408555
-0.248942
-0.518349
0.572871
0.593183
-0.153380
0.671641
1.942853
-0.446327
1.401428
1.828191
0.553507
-0.165405
-0.507264
1.509578
-0.300471
0.206384
-0.277859
0.083563
-1.755225
0.657930
0.838519
0.222146
-0.366325
0.058153
-1.048587
-0.859796
-1.194304
0.598597
0.668193
-2.576748
-0.065472
0.584146
0.497722
1.643959
-0.231752
-0.446680
0.112147
1.225337
0.780603
-0.035139
1.172228
-0.029031
0.335285
-1.560764
-0.657159
-2.267276
-2.229090
-3.084013
-3.806059
-3.249478
-2.629864
-2.044332
-3.175236
-2.920167
-2.901823
-2.433727
-1.811289
-1.708603
0.432945
1.675272
-0.166836
-2.149072
-2.689254
-5.159593
-4.017304
-3.361780
-2.385228
-1.931096
-0.796504
-0.845770
-1.244978
-2.127489
-1.793456
-0.677523
-1.103596
-0.658712
0.014743
-1.473066
-1.433691
-0.542002
-1.131436
-2.373244
-3.433366
-3.772579
-4.072579
-3.061880
-3.772634
-2.348493
-0.699968
-1.067091
0.283984
-0.679281
-0.465525
-0.743836
-1.135308
-1.507191
-0.298601
0.710989
1.586801
1.796658
-0.275035
-0.273536
-0.204835
-1.759983
-1.717045
-1.921756
-0.269137
-1.058633
-2.305720
0.581024
1.552071
1.928368
0.259216
-0.211939
-0.849723
-0.325375
0.169347
-1.009416
-2.302666
-2.171679
-3.150556
-4.007389
-2.880481
-3.723127
-2.583203
-3.442203
-1.617068
-1.815761
-1.199129
-0.137172
0.779810
-1.091936
-0.276476
1.450296
-0.383482
0.247928
0.127857
0.636865
0.349585
-1.222176
1.962787
1.463732
0.565584
-0.340469
1.687439
-0.745751
0.776893
0.836684
1.316476
0.396580
-0.968000
-0.864854
-0.353858
-1.672369
-1.296340
1.977843
0.494869
-0.111027
-0.488310
-0.214137
0.483913
0.289677
-0.737106
0.629846
-0.364687
-2.147815
-0.014539
-0.520647
-0.106672
0.720370
1.358236
1.534188
-1.590366
-1.100010
0.721902
0.470888
0.322638
-0.106982
1.111010
-0.445102
0.200991
0.118753
0.258469
0.711980
-0.154137
0.504298
1.416748
-1.298648
-0.232576
-0.628923
-1.410591
-0.158234
-1.668065
-0.645514
1.158102
-0.885502
1.812890
0.075644
1.051872
-1.042609
-0.606660
-1.344955
0.043685
0.909247
1.162670
-0.617542
1.284431
0.167210
0.340293
0.547177
-1.164222
-1.403291
-0.358135
-0.211129
1.941468
0.802973
0.418401
0.641057
0.247718
-2.024829
0.309746
-0.669920
-1.640077
-0.131451
0.140399
-0.229232
-1.380779
0.617933
0.609625
0.263968
1.274402
0.500818
0.499461
-0.416684
0.619212
-1.187849
-0.783771
-1.930019
-0.579128
-0.815447
-2.586594
-3.923353
-4.679382
-3.737644
-3.378811
-2.649828
-3.086402
-2.489498
-1.530726
-1.170173
-1.797769
-1.405303
-2.637077
-2.430631
-2.948918
-4.890232
-2.419929
-0.799681
-0.152305
1.918698
1.923886
1.362618
1.549091
1.713388
2.239957
3.160330
2.484190
1.751739
1.341716
0.003953
-0.293040
-1.770210
-1.233143
-0.677640
0.600771
2.957621
3.059694
3.493776
2.260248
0.430041
2.040379
-1.044833
-1.908571
0.234082
-0.810064
0.041695
1.273053
1.559398
1.845964
0.951503
1.048182
-0.102652
0.821733
0.495576
-1.416098
-2.749916
-2.083178
-1.496133
-3.072452
-2.564616
-3.548252
-3.719821
-4.288542
-5.184986
-3.631998
-4.094224
-3.445129
-1.929685
-0.685745
-0.393824
-1.177057
-1.092652
-0.714425
0.471907
-0.584383
0.798832
1.455160
1.450157
1.052896
0.227348
-0.241047
1.476667
2.784582
3.569720
1.981398
3.572041
2.757118
-0.215307
0.363461
-0.832582
-2.568566
-2.227018
-2.164346
-3.151004
-3.190475
-1.674645
-1.906496
0.570932
0.316478
0.008296
-0.778967
1.650449
0.229996
0.004175
-0.837087
0.285368
0.565382
-0.328870
-0.556062
1.329282
-0.076066
-0.416243
-0.308865
0.564273
2.410866
0.658851
1.855365
0.795723
0.325037
-0.744968
0.931936
-0.584506
1.006937
1.919415
0.112374
-0.667494
-0.821413
-1.573555
-1.347324
-1.352257
-0.840643
0.620747
1.493011
-0.510214
0.141557
0.462541
0.033360
1.111197
-0.779193
0.313095
0.770356
2.380199
-0.830977
-0.480568
0.608275
0.064317
-0.116049
0.273995
-0.261146
1.686709
-0.535483
-0.192142
1.034925
0.123528
0.562394
-1.931918
0.323099
-0.090543
0.356331
-1.238499
-1.855506
0.157059
-0.211746
-0.893238
0.572688
1.383000
-0.248451
1.158612
0.320950
-1.518352
-1.287424
-0.991931
0.048640
2.536148
-0.214718
2.112998
0.781596
-0.354718
0.482396
-0.288895
-0.280193
-0.883517
2.085638
0.974881
0.054453
2.760699
-0.579174
-0.471474
0.433210
0.372050
-1.401812
0.823082
-0.149038
0.655694
0.359011
0.009458
-1.265405
-3.772494
-1.637273
-0.603703
-0.023226
-0.099616
-2.029114
-2.072479
-2.063697
-0.512844
-0.397102
1.232937
1.695499
1.699728
2.480510
2.584118
3.225248
3.370031
3.813013
3.249134
2.748483
3.272173
2.495827
3.412871
3.650992
4.083482
4.172042
2.847264
2.860033
2.191802
0.841287
1.884978
1.970867
2.979902
1.204372
2.276602
0.786834
0.809935
-0.056546
-0.855084
-1.525738
-0.544759
-0.159608
-2.179472
-3.099386
-2.937003
-4.142025
-4.472377
-5.123185
-6.132384
-4.921864
-5.533481
-4.709120
-4.032992
-4.490001
-3.119319
-1.640538
-1.760802
-1.291482
-1.151508
-1.432260
0.095738
-0.586425
-0.054354
-0.031467
-0.327861
-0.251571
-1.446452
-1.793662
-4.086252
-1.414646
-1.441847
-2.113800
0.063424
-0.029973
-0.291916
0.063339
1.832687
1.992002
2.050476
3.152826
2.290031
1.735023
3.061392
1.050862
-0.228819
0.231007
-2.242416
-1.786074
-2.530341
-1.500471
-1.771763
-4.805391
-4.783006
-4.630089
-1.033203
-0.320619
-1.000578
1.632927
0.207294
-2.450191
1.007152
0.640046
1.207138
0.718193
1.542694
1.595763
0.413546
1.169950
-0.418513
-0.003743
-0.585849
0.918824
-0.440182
-0.181189
1.040526
1.223151
-0.795238
0.369398
0.488112
2.610048
1.209060
0.574797
-0.375339
-0.463072
1.077763
0.814832
-1.080829
0.043658
-0.357339
1.440900
1.842213
-0.177128
-0.419577
-1.695685
-0.639084
-2.058428
-2.495377
-1.127859
-0.245135
0.170935
-2.091909
-0.772046
-1.276907
1.371535
0.487478
-0.419743
0.915988
0.342391
0.376380
0.717161
0.389470
-0.930834
-0.261019
0.587260
-0.601814
1.754282
0.093227
-0.824299
1.136719
-0.230408
-1.236063
0.914950
-0.888540
0.630552
-0.029031
1.382829
0.596957
0.280024
-0.565249
1.469594
1.129527
-2.434659
-0.155774
-0.575603
-1.457481
-0.379293
0.374365
0.215053
-0.270863
-0.917055
-1.382242
2.609876
2.794451
1.944928
-0.183702
-0.455157
-0.604134
1.335576
0.114916
-0.945176
0.890754
0.737839
