0.000000
-2.054356
0.608760
-0.964237
0.453334
-0.128406
1.316195
-0.727764
0.736438
0.314963
1.070037
0.879830
-2.614452
0.065419
0.035231
1.035543
-1.195311
-1.290563
-1.794676
-0.721585
-0.499355
-0.382203
-0.300821
-0.237238
-0.066832
0.466681
-0.170766
-1.636671
1.494347
0.082386
1.263242
1.362890
0.475792
-1.144317
-1.727495
2.535491
-0.363749
0.952538
0.766475
-1.975158
-0.172318
0.012539
-2.287504
-0.058886
1.117918
-0.187755
-0.820489
-0.740720
-1.998968
0.165523
-0.509828
0.541772
-1.198476
1.061681
0.120199
0.189496
0.038269
0.894988
1.244340
0.916072
0.720411
0.735220
0.920540
-0.497869
1.609223
1.003348
1.104151
-0.423864
-0.692928
0.098089
-1.538238
0.862113
0.015919
-0.458397
-0.521310
-1.452940
-0.007104
-0.746060
0.338252
1.246175
1.724691
0.752142
2.337026
0.815907
0.786888
0.357777
1.272399
0.503703
0.711548
0.079683
0.521577
-0.433327
-2.502927
0.910450
1.086422
-0.084758
-0.744653
-1.008514
0.161662
-0.732925
0.063474
0.720094
0.867507
2.349721
3.288418
3.404210
3.008346
2.322356
2.509011
2.500755
2.126077
2.295850
3.054698
3.338258
3.605660
2.270460
0.824878
1.800308
1.367732
1.543752
1.492881
-0.091538
1.014268
1.523676
-0.403413
-0.354273
-1.031129
-0.449475
-0.674797
0.697546
0.029234
0.159451
-1.744375
-2.034709
-1.231805
-0.256717
-0.841911
-0.277433
1.514923
1.682512
1.421322
1.419432
0.846296
1.630365
0.729347
1.483315
0.822406
0.131809
0.050349
0.380649
1.351155
1.714347
2.785551
1.074287
-0.487863
1.334643
0.575346
-0.987189
-1.040660
-0.626595
-0.721190
0.272571
1.110263
1.078116
-0.324066
0.201311
1.173954
1.329503
1.773825
1.249878
1.224036
1.481490
1.920297
0.895415
-0.216931
0.269896
-2.292473
-2.141951
-2.551491
-0.199081
-0.433742
-0.012186
1.761398
2.876321
3.998266
6.863118
5.523364
4.459144
4.337357
4.343446
3.230570
5.581141
4.363479
4.228978
4.252338
2.007637
4.050740
1.830672
1.995080
1.039011
-0.565809
0.321854
1.391670
0.569935
0.005756
-1.357595
0.722159
-0.218404
-1.689020
-1.080099
1.749473
0.795101
0.105616
-0.216822
-0.752185
-0.126949
-1.036458
1.049669
0.979858
-1.640540
-0.322441
-0.818204
-2.630117
-2.293931
0.584588
0.789163
-3.215812
1.132565
0.093589
2.964124
-1.900255
-0.653427
0.558318
0.374500
1.259333
-0.655958
1.174768
-0.641513
-0.109591
0.014501
-1.024630
0.636267
1.272368
1.780288
0.757868
1.540989
1.068230
-2.122632
-1.649447
2.037734
1.309182
-0.301682
-1.527978
1.164486
0.605486
1.005611
-0.537709
0.852886
-0.006813
0.376304
-1.005090
-0.083884
1.058449
0.268957
-0.292340
-0.597664
-0.648371
1.073608
-0.142419
-1.161779
1.204941
1.862026
0.725092
-0.389944
-0.927337
-0.753788
-0.635907
-0.704157
-0.423333
-0.592422
-1.494199
0.271656
1.472248
-0.674725
0.446450
0.177708
0.644961
-0.396704
-0.157798
1.498570
1.747678
1.737372
1.282671
0.254574
0.425264
0.431890
0.447858
1.568989
0.436886
-0.683950
-0.020551
-2.787467
-0.745838
1.121740
-0.295989
-0.740252
-1.115587
-1.784724
-0.611597
-0.361098
0.159026
0.130165
1.366715
0.651579
0.619434
0.067726
1.743715
2.203518
1.388736
0.922537
0.296391
0.835070
0.879961
0.048286
-2.209345
-2.678404
-2.521191
-4.265068
-1.246767
-2.058925
-2.385385
-2.371133
-4.693233
-3.997315
-3.973011
-4.012688
-2.297769
-0.300918
-1.293729
-1.274421
-0.630584
0.589717
0.161068
2.902176
2.625714
2.962939
3.555330
2.176106
1.613528
1.722965
1.926231
0.124318
1.520658
0.317737
-0.059437
-0.877384
-0.320914
0.276858
1.569952
2.959556
0.656607
0.648444
0.144383
0.630795
0.153071
0.105608
0.956991
2.957218
2.157771
1.481077
1.223287
1.770777
1.468442
0.625351
1.774660
2.814448
1.025670
1.222265
-0.883254
-1.345002
-1.125576
-0.450597
1.083714
1.923384
1.443396
0.643633
0.852783
1.395564
2.601195
1.995635
1.002782
-0.256101
-0.368676
-0.913513
-0.077249
-0.016822
-0.106644
-3.399578
0.694069
-1.444752
1.007681
-1.102232
-0.233436
-1.560691
1.159102
2.048337
0.100924
-0.316343
0.125501
-1.444533
0.309561
-0.420727
0.540495
0.614384
0.329416
-0.272889
0.384481
-0.665161
-1.937058
-1.136426
-0.337254
1.383281
1.692109
-0.712737
0.748816
1.186135
3.282646
-0.213427
-0.807551
-0.400232
-0.688963
0.755163
-0.560032
-0.983311
0.025321
-1.928497
1.045024
0.164778
-0.863675
1.272195
2.022162
0.042175
3.204598
0.633389
0.665983
-0.066424
2.103242
-0.442540
1.393724
0.280143
-1.651199
-0.428881
-1.564792
1.622018
1.308807
0.222825
-2.290384
-2.062000
-0.543211
-2.140792
-1.327524
0.114107
0.206593
1.312944
0.857019
0.227091
-2.093499
-0.114288
-0.784889
-1.383601
-1.798699
0.169782
-0.735851
0.066457
1.023788
-0.519621
2.236484
1.169020
-0.227756
0.407037
0.632012
1.519614
-1.389139
0.335239
0.274317
0.625349
-0.042689
0.080318
2.179894
-0.453944
0.002785
0.387486
-0.606208
0.175335
0.868111
-0.890888
0.546298
0.629831
0.925353
0.542990
0.274941
-0.022290
-1.172779
-1.091235
-2.362033
-0.946962
-0.473149
0.649848
0.555241
0.400425
1.157869
1.147098
0.349852
-1.245393
-1.417872
-1.857788
-2.526558
-2.478434
-1.482934
0.168602
-0.068835
0.486671
-0.814926
-1.020561
0.834524
2.030905
2.814384
3.259522
4.781573
4.096148
3.257197
1.622981
2.703322
1.921227
1.979199
0.964702
0.792746
-0.115716
0.392128
2.307488
1.819539
1.541198
0.879778
1.816704
1.503795
2.103314
-0.039596
-0.618078
-1.060368
0.131702
1.053669
-0.174406
-2.056605
-1.408236
-0.951302
-1.727241
-2.475540
-4.010054
-4.363022
-4.576607
-3.886573
-1.808093
-2.093090
-2.314852
-2.011410
-3.369665
-4.658403
-5.210951
-4.724211
-5.340514
-5.421853
-4.758591
-3.189754
-3.682677
-3.588976
-2.116551
-2.633095
-3.904208
-2.487220
-2.232902
-2.747802
-2.263712
-1.252550
-0.744905
-2.953639
-3.782055
-2.063297
-2.380795
-2.781930
-3.177171
-4.161198
-2.363728
-2.404403
-2.340076
-0.985895
-0.127120
0.856941
0.024779
0.542168
-0.327377
-0.541699
-1.058037
0.778465
0.864123
1.270374
2.086337
-0.724096
-0.262750
2.061408
-0.294190
-0.103474
-1.187361
0.229757
0.185961
-1.122084
1.055060
0.317958
-1.538827
-0.445039
1.583776
-0.281221
-1.399882
-0.394409
0.448678
-0.043800
-1.409223
-2.158883
1.348789
0.279987
-1.369285
-1.407633
-0.223957
-0.498708
-0.472046
0.533579
0.394855
-0.676059
0.655469
1.097989
-0.993598
0.681112
0.234101
1.546470
-2.764542
-0.802918
-0.188128
-1.528497
-0.334939
-1.046844
-0.301974
1.691157
-0.595126
0.170364
0.358930
1.505408
-0.256931
0.530634
-1.375892
-1.866823
-0.355010
1.684105
0.137098
-1.126953
-0.168954
-2.252152
0.785719
-1.248575
-0.083963
-0.481409
-0.277752
-0.278340
-1.955047
0.667529
0.269576
-1.654880
-1.168652
-0.676745
-0.072531
0.811618
-0.955966
0.548200
-0.244885
0.349981
0.611418
0.471112
0.378349
2.247131
-0.525011
-0.557212
-1.110175
0.326779
-0.947335
0.177604
-1.168102
-0.486187
0.799532
-0.614989
0.274278
0.743821
0.805207
-1.020663
-0.552736
0.094719
-0.534194
-1.158829
-0.205292
-2.447919
-1.688427
1.257986
2.002255
2.243484
2.564554
1.420909
0.374826
0.664693
0.210757
-1.029938
-1.300253
0.317271
0.195617
-2.084355
-1.769729
-2.277778
-0.324932
1.924841
2.220150
1.415707
2.906115
3.106093
3.435596
1.590800
2.816565
2.929125
2.643138
2.648464
1.637130
0.494990
1.178609
1.865292
0.672687
-1.340126
-1.476848
-1.776555
-1.967670
-1.577158
-1.537952
-0.839387
-0.955546
-1.505670
-1.978984
-2.996275
-2.877571
-1.462810
-2.044593
-1.794184
-2.863486
-1.494253
-0.683537
-0.980222
-1.733084
0.095258
-0.264425
0.637417
1.010217
1.936478
2.629116
1.909184
2.585332
2.902657
2.523009
2.958714
3.126881
3.316856
1.375525
3.261514
3.206522
3.118862
4.801120
4.037471
2.175281
0.549032
0.224214
0.737552
-1.135563
-2.141403
0.260740
-0.654475
-0.627938
-2.901449
-3.016732
-4.508314
-3.612683
-3.690684
-3.089156
-2.589978
-2.461528
-2.177910
0.935640
1.033842
-0.845163
1.285572
0.586190
0.734741
-0.354645
1.485141
-0.930752
-0.230149
-0.149950
-0.095507
1.371421
-1.162368
-0.621698
-0.122959
0.883128
-0.814921
0.751116
-0.345697
0.619403
0.340477
0.992483
0.636096
-2.138674
0.584182
-0.561226
-0.230596
0.619687
1.359607
-1.100146
-1.585517
-0.064236
1.109359
0.630646
-0.621456
0.275056
-0.387068
-1.405566
-1.040995
0.047275
1.253274
-0.413450
0.032440
-0.959129
0.301357
0.441742
-1.780304
-1.160871
0.604174
1.043219
0.205828
-1.846818
-1.061205
-0.252850
-1.164256
0.011680
-1.204212
0.232749
0.450931
0.748114
0.377246
1.592613
1.420305
0.047407
0.514464
-0.693028
0.907966
0.867176
0.769199
1.576263
-0.342849
-1.238899
-0.477175
-0.330944
1.007074
-0.393619
0.526190
0.804300
-0.309809
0.236978
-0.481868
-1.584888
0.563175
0.070192
1.380851
-0.057006
0.900633
0.172382
0.238345
-0.433749
0.793664
0.898839
-1.284507
-1.634882
-1.106265
0.357948
0.354379
0.366519
-0.122281
-1.454600
-0.221585
-2.880950
-1.625588
-2.514020
-1.728849
-1.271327
-3.380918
-2.659624
-0.957403
-1.550353
-1.894062
-1.168953
-1.678434
-3.806490
-3.337819
-4.174007
-2.383114
-2.105333
-2.689062
-3.227178
-1.016076
-0.603441
-0.383806
-1.192660
0.279604
2.406873
2.633989
1.299597
1.545478
3.438183
3.582979
0.603190
-0.350181
-0.844563
1.696652
-0.079765
-1.041633
-2.102081
-0.574233
-1.657264
-0.671493
1.693993
4.178044
0.753472
0.573192
-0.170594
2.545271
4.124153
2.434303
1.042270
2.484548
1.774194
0.460212
1.491358
1.336987
1.884173
0.762170
0.340547
0.691787
1.453591
2.456350
2.873771
0.327225
0.072089
-0.643928
-0.807498
-0.306318
-0.185729
-0.165459
-0.833596
-0.955737
-0.840719
-1.436622
-0.484197
-0.058308
-1.158409
-2.383181
-1.313988
0.069314
0.922063
-0.090178
0.326761
-1.327865
-1.340545
-2.173656
-1.062193
-0.976875
-1.356278
-2.560129
-1.749220
-3.044344
-1.959168
-2.365135
-1.083676
-1.752153
-1.968390
-2.923241
-1.373064
-0.793903
0.800014
1.564853
-0.783920
2.884389
-0.614597
0.039987
1.309505
0.804713
0.802124
-0.163683
0.217644
-0.257359
1.389521
2.246220
-0.475820
0.180311
1.097889
-0.723779
0.438110
0.615384
-0.041475
0.370283
-1.498436
0.181803
-0.385318
-0.206219
0.668104
0.377437
0.387495
0.589911
0.503638
-1.137169
-0.080246
0.639635
-1.811190
-1.066713
0.561184
-0.347150
0.246586
-0.648179
0.436879
-0.260658
-1.817479
0.069198
-0.809200
0.667040
-0.709331
0.608201
-0.404967
-3.008628
0.393044
0.191219
-1.625361
0.350751
0.931579
-0.579727
-0.867954
-0.861679
-0.985096
-0.273481
-0.700706
-0.899730
-0.740334
0.890899
-0.950359
3.223568
-0.406647
-0.251329
0.136753
-0.893711
-1.031453
-2.616478
-0.158011
-0.570493
0.430605
0.822479
-0.480505
-0.688999
-0.687386
-0.101110
-0.967237
-0.584555
-0.969939
0.304524
-0.273972
-0.293940
-0.079178
-1.209363
0.647880
0.875705
-1.262029
-1.270850
0.291413
2.523172
0.200911
0.430463
0.238977
2.363102
1.886637
3.703450
4.309616
3.576040
3.887816
4.014883
2.912099
3.097896
1.853803
2.483280
3.465306
3.782151
4.076196
3.974348
2.659169
2.735451
0.512710
1.253215
0.798949
-0.895169
-1.584979
-1.829383
-2.586199
-2.787294
-2.551341
-3.322183
-4.141230
-3.136469
-5.968255
-5.936347
-6.242526
-5.513488
-6.806063
-6.879597
-5.571966
-5.374967
-4.879385
-3.559172
-2.917242
-2.147201
-1.508426
-1.467362
-2.076774
-2.071248
-1.081877
-2.791083
-3.121034
-5.073709
-3.089389
-3.957460
-3.450411
-2.341870
-2.942037
-2.176001
-0.636178
-1.806095
-3.316401
-2.505276
-2.767735
-1.379383
-0.821504
0.344444
0.966487
-0.550519
-0.657690
0.750838
1.446710
1.720606
1.731843
1.544726
0.353909
0.576649
0.059464
0.005802
-0.045685
-1.744219
-3.765276
-2.824266
-4.113273
-3.837822
-3.278429
-2.839352
-4.204661
-2.465888
-2.310825
-3.774476
-3.335445
-2.644280
-3.257045
-2.984248
-2.995458
-2.300282
-1.303445
0.336241
0.105407
0.130134
0.439736
0.762156
0.757011
0.140522
0.537470
-0.819647
0.740550
1.935501
-0.901671
0.429923
-0.014246
-1.629378
-0.237002
0.136086
0.362848
0.168503
0.123644
-0.850233
1.026724
0.872662
-0.277026
0.137898
-0.344741
0.308682
0.698699
0.273288
0.381201
0.495996
-1.526658
0.316631
-1.112480
2.472132
0.653359
1.015704
-1.368462
0.115557
-0.144419
-0.489396
1.197559
1.144665
0.732201
1.645446
-1.437461
-0.838128
1.572962
0.873712
1.838336
0.096670
0.815409
-1.014445
-1.745927
-0.214238
0.318767
0.897746
-2.231347
0.292378
0.513101
0.596621
-1.221762
-0.322742
-1.451944
0.937107
0.211721
0.075708
0.138405
-0.076184
-0.565415
-1.250055
1.806371
-0.150291
-0.190304
-0.292098
-0.104663
0.609891
-0.192483
0.357326
-0.717845
0.960835
1.412797
0.003710
-1.005516
-0.343529
0.529325
-0.078299
-0.002227
-1.227715
1.300681
0.804638
-0.162774
-0.982713
0.621585
0.403422
1.743343
0.131946
-0.941766
-0.376411
-1.660167
-0.327502
-0.580889
-0.635735
-0.447687
-0.856474
-0.277895
-1.428149
-1.641734
-0.870845
-0.601032
2.354172
2.169052
2.399102
1.297100
0.833370
1.670125
2.567231
1.670322
4.974322
5.789344
5.637665
4.791551
3.930781
3.404633
1.910309
1.197983
1.045277
-0.437721
-0.671627
0.682626
0.351329
1.543821
1.798909
1.905644
2.414625
1.294742
-1.143841
-1.607751
-1.920630
-3.168745
-3.259597
-2.467318
-2.784225
-3.111118
-3.422047
-3.709336
-3.999620
-3.075121
-5.087290
-4.514821
-4.996075
-3.868374
-0.958353
-0.789625
-1.267982
-1.341118
-2.085440
-2.071147
-0.060866
-0.352911
0.786501
-0.673488
-1.516390
-1.629018
-2.769703
-1.770734
-1.820820
-1.945244
-2.162074
-2.737212
-3.611233
-3.092929
-3.310209
-4.915798
-5.133399
-4.630207
-3.216957
-3.792947
-3.825367
-3.756207
-2.827731
-2.764027
-3.853742
-4.331792
-5.192429
-5.478723
-4.793014
-2.459871
-1.953696
-1.786751
-2.130586
-1.364327
-1.768427
-3.466225
-0.407934
-0.079392
-0.264914
-1.400786
-1.804066
-1.698841
-0.533093
0.540383
-0.341264
-0.163309
-0.020995
-2.017399
-0.444594
-0.056402
1.881696
-0.337998
-2.217594
-2.999705
-2.374695
-0.438874
0.952901
0.901930
0.792301
-0.531790
-2.265644
1.069867
-2.577408
-1.947525
-0.894605
-0.774702
-1.562155
0.999220
-0.853139
0.272120
-0.476330
0.562991
-0.480056
1.376013
0.810700
1.398487
0.340354
0.090531
-1.094365
-2.352205
0.680286
0.730494
-0.474274
-0.640335
1.794052
0.856873
-0.705542
0.904219
3.232744
-0.157644
2.151214
1.556564
-0.486834
0.817909
-0.845129
-0.658322
-1.060010
-1.970701
-0.716178
-0.481281
-2.310292
-0.793935
1.279965
-0.271229
-0.147627
-0.885580
0.270616
0.288993
-1.277241
-0.294315
0.835139
-1.426186
-1.319613
1.010427
-0.506342
-2.253349
-2.021699
-1.514583
-1.525235
-1.448280
0.663840
0.682256
-0.084019
1.016830
0.281477
1.038106
-0.132773
-0.859592
-0.257203
0.124995
-0.583291
0.747828
-0.592567
0.369239
-1.322939
-0.480240
1.464783
0.016717
0.597258
0.124582
0.946668
1.039339
-1.172500
-0.095545
0.332749
1.462404
-0.023018
-0.332659
-1.165263
0.264552
0.575045
-0.371690
-0.539645
-1.071613
-1.517849
-1.361249
0.713333
-0.487222
-0.921481
-1.143316
-1.108008
-0.270373
1.491561
1.423199
1.245211
1.536680
0.903456
0.469627
-0.244065
-0.984229
-0.572378
0.608493
1.717388
1.636376
0.598019
2.950934
2.713703
3.208626
3.297276
3.962408
4.267929
3.135219
2.095499
2.889181
4.765548
6.168025
4.323905
3.628516
3.250845
3.785289
1.939983
1.063121
0.452009
-0.013215
-0.015740
0.019470
-1.053494
-1.811364
-1.045395
0.852685
-0.207847
0.583253
-1.668458
-0.078627
-0.262399
-0.654246
0.543577
1.354040
1.891200
1.240459
0.782635
-1.702603
-1.433400
-2.289328
-3.272252
-1.880597
-0.426402
0.354879
-0.332827
-1.310709
-1.117774
-1.206415
-0.990181
-1.777654
-2.337665
-2.647057
-1.264400
-2.924383
-2.302563
-3.387704
-2.703636
-2.629149
-2.950439
-1.841854
-1.263582
-1.943724
-0.647155
0.287097
1.698975
1.642508
2.309045
0.085997
1.695810
1.920019
1.473497
1.452368
1.779851
3.382059
2.694012
2.927660
0.472453
-0.723557
-0.602846
-0.199804
0.378222
0.333796
-1.825195
-0.369532
-2.266121
-0.549256
-1.414365
0.239061
-2.182934
0.207600
0.485724
-0.060760
-1.199288
-0.618233
-0.462319
1.449866
-1.099417
-0.404304
0.067504
-1.580463
0.083163
-0.289844
1.836853
1.003422
-1.352516
-0.869336
-0.677776
0.019819
0.185175
0.007627
1.097277
-0.210710
-0.828827
-0.065383
-0.577352
-0.027980
0.310666
0.399742
0.186762
1.540842
-1.030927
-2.238595
-0.846566
-0.228885
-0.197128
0.878697
-0.786393
-1.136538
0.796516
0.701035
0.677791
1.809958
-0.981533
-1.624322
0.575508
-0.260961
0.374254
0.342844
2.002137
0.435616
0.277136
0.531712
-0.078884
-0.474812
-2.082920
-0.324350
-1.715635
1.429246
-0.047046
-1.967942
0.799304
-0.769717
-0.506794
0.069774
1.543004
0.634200
-0.978853
1.294557
0.800279
1.478228
1.151733
-2.286049
-0.018566
0.184283
0.277824
-0.328546
-0.609643
-0.820908
1.631462
0.696297
0.320344
0.317924
0.074555
1.397286
2.707014
1.556854
1.358877
2.089646
2.974112
1.595836
1.378374
0.157711
-2.020881
-1.896581
-2.191069
-3.295122
-1.946933
-1.665898
-2.143172
-2.660195
-1.678711
-1.161576
-2.559392
-2.746242
-1.024134
-1.262029
-1.228285
-1.153297
-1.688642
-1.560215
-1.943600
-2.873320
-3.745863
-2.490898
-2.697790
-3.986850
-2.904178
-1.698650
-0.149056
0.896808
2.819944
1.107997
2.670426
2.240383
2.423934
2.180616
2.090768
2.346579
1.859163
2.259074
1.284994
0.465780
1.180543
1.057749
0.571842
-0.558467
-0.917181
-1.728977
-1.634289
-0.955885
-2.585128
-1.801023
-1.441897
-2.426768
-1.311188
-0.903261
-1.160754
-0.551631
-1.372864
-1.831242
-1.767320
-0.514603
-0.974451
-2.492303
-4.449206
-1.689045
-0.329267
-1.323365
0.197921
0.135128
-0.609744
1.264052
1.221295
1.969169
1.939285
2.508348
1.442373
1.919047
2.361519
3.656853
3.980044
3.702630
3.063875
3.502541
4.427664
5.272701
6.789873
6.742148
8.116296
1.241311
-1.715640
0.226550
-0.636767
-2.578332
-0.283424
-1.165133
-0.345155
0.251088
-1.181980
-0.350462
-0.412431
0.455442
0.209306
1.007262
-0.753667
-0.154575
-1.748812
0.475389
-1.473831
0.201768
0.064935
1.142813
-0.285064
-0.731172
-1.049482
-1.094999
-0.098451
1.838866
1.616281
-0.148100
-0.053229
0.386883
-0.020553
0.789710
0.097781
-0.577571
-1.164481
0.120971
-1.312113
-1.478449
-1.952263
0.036489
1.985095
0.489097
0.162063
-0.573215
0.409017
0.262665
0.980721
-0.542845
0.064948
-0.630335
-2.352130
0.392050
0.043471
-0.398455
-0.140977
-0.170709
-1.151727
-1.135147
0.356710
-0.781156
0.119045
0.787743
-1.788042
-2.019935
-0.070224
-0.191992
1.104176
0.236858
-1.530070
0.218897
-0.511927
0.113186
-0.907875
-2.084069
-0.735033
-0.020674
-0.927631
2.299939
2.494627
-0.604478
0.869947
-0.593247
-0.754562
2.352570
0.641164
-0.991380
0.027411
-1.364023
-0.330716
-0.763636
1.705493
-1.831103
-0.322523
1.256887
0.954151
1.539142
0.832686
0.612090
-0.289223
0.840933
-0.014502
-1.223053
-1.371238
-2.176806
-1.741974
-0.979526
-1.711121
-1.760069
-2.683639
-1.799954
-2.288212
-2.205896
-2.615407
-3.210909
-1.678326
-2.792308
-2.190656
-2.459702
-1.465049
-1.818202
-1.560005
-2.829571
-3.141720
-2.456151
-2.910881
-3.887339
-3.279576
-2.726336
-2.595344
-2.557506
-2.983644
-3.434995
-4.545546
-4.559544
-4.302083
-3.638917
-3.736754
-3.528378
-3.879724
-3.259644
-2.694115
-4.317133
-4.524144
-4.941565
-4.432461
-3.358090
-3.293779
-3.176744
-2.860709
-1.859285
-2.549415
-3.467272
-3.376635
-4.359787
-6.279594
-6.851635
-6.512831
-5.213560
-3.467558
-4.459802
-3.212936
-5.058991
-4.324462
-2.905919
-2.943908
-3.211565
-1.875527
-1.584425
-1.743117
-2.028792
-1.334471
-2.853391
-2.841941
-3.251601
-2.532521
-1.735591
0.213054
0.171844
0.953242
-0.848812
-0.260780
-2.106937
-0.263324
-0.514542
-1.157565
-1.620310
-0.923223
-1.414779
-0.485973
-1.897514
-1.907330
-0.599228
0.112965
0.176306
0.114947
-0.288249
0.550390
0.746092
-0.256032
-0.162742
-0.615340
-0.096464
0.557055
0.050079
-1.295955
0.714372
-1.135630
0.696058
0.118064
1.003365
-0.124954
0.063647
0.104085
-0.387088
0.545699
-0.259784
0.778670
0.782641
0.652642
1.242283
-1.074177
-1.302795
-0.802163
0.241854
0.172405
-0.435921
1.153310
1.066198
1.033078
0.632451
-0.257515
-1.200797
-2.239360
0.896178
0.315061
0.419970
-1.179579
-0.854931
-0.253928
1.559608
-0.660654
-0.801885
-0.747636
0.294477
-1.086692
1.307213
-0.052476
0.276895
-1.084388
0.556264
0.503467
-0.826597
-1.114737
0.345456
0.958667
-0.453165
0.879019
2.327142
-0.111138
-1.591248
-1.409539
-0.609009
0.754489
0.734509
-0.928692
-0.340218
2.371607
0.397008
-0.276089
0.285939
-0.154341
-1.279282
-0.064269
1.420491
3.687181
0.794867
1.470149
2.330992
0.878188
1.287655
1.441982
0.052269
-1.676540
2.529315
1.612441
0.107190
-0.958164
-0.654856
0.746786
-1.776609
-0.750685
-0.956913
-0.422332
0.181798
0.673964
0.183476
1.621954
0.635854
0.166899
-3.412998
-3.161617
-4.050187
-5.281963
-5.101287
-4.862945
-4.143575
-3.762400
-4.490123
-2.479566
-2.706825
-3.553634
-1.105404
-0.374458
-1.477228
-0.864230
-1.839420
-1.827965
-3.329526
-4.147264
-3.291167
-0.938334
0.267453
-1.141088
0.422528
1.582539
1.491729
0.434451
-0.354402
-2.581616
-1.092330
-1.497605
-2.190933
-1.166945
-0.208412
0.342457
1.111478
1.872046
2.072443
1.712246
3.075910
1.702914
0.030323
-0.846279
-0.799071
0.935654
-0.835420
-3.657120
-1.701462
-0.942492
-0.020511
0.558428
-1.214900
-2.248762
-1.317534
-0.238019
0.371627
1.280649
2.362100
1.045121
0.858127
-0.393412
-2.027192
-2.361721
-2.356079
-2.030600
-3.962160
-3.825048
-4.767474
-4.154038
-2.756310
-3.225285
-3.203801
-2.175484
-2.996580
-1.199399
-0.665503
0.181303
1.647199
1.198834
0.338099
-0.575667
-1.010978
0.386964
1.430202
0.860044
0.321131
-0.856447
-0.750203
-1.105016
0.613617
2.447966
1.561525
1.418379
1.076320
0.546108
-0.395945
0.718600
-0.620012
0.812887
1.077856
-1.040188
-1.373737
-0.461207
1.610644
0.744926
-2.439052
0.795535
1.547783
1.509068
0.553387
-0.635170
0.407155
-2.228660
-2.107671
0.919616
1.561107
-0.284033
-0.405440
-0.238658
0.717077
-0.885096
-0.070183
0.299127
-0.668773
0.016253
-0.018926
-0.209752
0.231066
-0.262448
-1.240384
-0.514956
-0.041962
-3.055539
-0.098560
0.078260
-0.009976
1.051361
0.367327
-2.037656
0.566897
1.376002
0.370801
0.337517
-1.233025
-1.191885
0.807230
0.258256
1.081067
0.738954
1.152286
1.416317
-0.522122
-1.210866
-1.366212
0.023606
-0.251550
1.240982
0.195946
1.062452
-0.669833
-0.403178
0.478194
-0.418228
1.968631
-0.484925
-0.655423
-0.084214
-0.688584
-0.379814
0.592687
1.079728
1.070104
2.022887
-0.283056
-1.055390
1.082939
-1.641605
-1.038844
0.852451
1.821550
0.105793
0.281493
1.822005
0.525480
1.182487
-1.336631
-0.635956
-0.162295
0.416493
2.509970
1.402575
-1.020688
0.320447
0.128684
0.782039
0.423519
-0.041865
-2.304348
-4.296885
-4.010748
-3.519001
-3.102378
-4.178315
-4.809855
-5.475993
-6.234749
-6.991809
-6.985755
-6.697319
-5.295604
-7.125088
-6.677017
-7.848430
-8.708632
-7.926450
-6.741586
-7.060235
-4.850769
-4.071593
-4.872820
-3.720067
-3.895761
-4.530591
-4.130334
-4.554236
-2.250981
-1.673996
-2.697147
-3.056259
-2.709808
-1.419477
-1.888527
-3.336201
-4.466622
-3.864447
-3.054742
-2.858676
-3.444990
-5.113766
-5.042471
-5.168846
-4.194426
-6.708208
-5.542126
-5.085274
-2.790998
-4.539532
-4.817477
-4.432524
-4.125286
-1.844068
-2.736167
-3.012376
-3.838768
-3.367221
-1.245060
-2.553735
-2.956641
-4.259998
-4.053891
-4.354555
-5.295961
-5.380052
-4.608131
-4.068916
-3.525183
-2.669796
-0.914517
-1.176398
-2.506426
-2.749500
-1.514885
-0.978842
-1.341601
0.806030
2.013546
2.717862
2.269150
3.556765
4.046540
1.841234
2.569385
0.531092
1.722032
0.822518
0.569633
0.629068
0.897956
0.958749
0.948918
1.338809
1.476389
1.874411
0.115932
-0.588997
0.136464
-1.426947
0.032790
0.833264
-0.684414
0.358311
-0.013174
2.707682
-0.603286
1.102151
-1.302813
0.042357
-0.281748
1.622018
1.036504
1.073334
-0.269031
-1.315410
0.309395
-0.222508
0.938565
0.233600
-1.289980
-0.333336
-0.923924
-1.939127
0.009149
-0.951612
0.327836
1.196544
-0.219770
-0.260565
0.001676
-1.295060
-1.513438
-0.096037
-0.662066
0.461946
-0.496989
0.611108
-1.191525
0.353133
0.127363
-1.482905
0.238049
0.851815
1.079599
-0.290610
0.790328
-0.241422
-0.010086
0.443986
0.223524
-1.612377
-0.175533
2.303422
1.183499
-0.444327
-0.316356
0.504255
0.650825
-0.843443
0.574598
-2.543838
-1.049913
-1.339359
-0.676120
0.795207
0.978610
0.532042
0.193783
-0.332202
-0.417293
1.896217
-1.216339
0.949446
-0.059724
1.717612
-0.219477
-1.217209
-0.700426
-0.392227
-1.252531
-1.254061
0.393873
-0.846634
-1.385803
0.387801
-1.401900
-0.918106
-1.423581
0.161235
-0.694636
0.658803
-1.132609
-1.495536
-0.702154
0.594751
1.368641
0.975157
2.646909
1.942856
2.087730
1.841711
0.837753
2.346384
2.349988
0.787721
1.966292
2.381399
0.947336
0.939607
-0.161977
-1.108405
0.449868
-0.842134
-0.176225
0.888872
1.922871
1.332112
-0.926631
-2.849553
-2.496744
-2.452350
-2.604067
-1.687177
-1.914947
-1.870979
-1.007582
-1.602713
-0.877829
2.009279
0.659386
-0.425044
-0.826435
-0.174592
-1.160998
-1.550626
-3.018063
-3.703199
-4.746636
-6.230181
-6.410670
-5.221459
-5.823545
-6.839244
-6.603902
-3.599801
-3.855732
-3.755564
-2.151922
-1.589464
-2.055442
-3.253531
-3.621636
-2.100288
-2.464402
-2.759654
-3.817778
-4.214513
-3.743974
-3.893338
-2.870626
-3.408943
-2.195982
-2.327485
-2.164940
-4.034984
-4.698605
-5.146121
-4.273592
-4.218345
-2.170690
-1.713228
-3.011790
-4.005066
-2.278940
-1.915182
0.470366
1.449698
-0.330260
-1.037985
-0.436640
2.235000
3.386483
2.874527
0.603490
0.679691
-0.533180
-0.308892
-2.175881
-2.491201
-3.604623
-0.121197
-1.561237
0.499718
0.994184
0.083600
-1.198610
-0.746837
0.199374
-0.197061
0.125333
0.809098
0.732705
0.298753
-0.166637
0.968102
1.172560
-1.454538
-0.053439
-0.496985
0.014371
0.491473
0.033692
0.635707
-0.916636
-0.202560
-0.330299
-1.244377
0.274568
0.557689
-0.827344
-0.425641
-0.932353
-0.279589
-0.317678
-0.659450
0.872227
-0.758775
-1.061773
-0.989887
-0.544922
1.375706
1.300687
0.906034
-0.577440
-0.130185
1.224314
0.142200
-0.600548
-3.422608
0.109686
-0.656517
-0.877469
0.057606
-1.263171
-1.221134
-0.871624
-0.986733
1.372005
-0.004072
-0.603210
-0.332008
1.903338
-0.373875
0.071778
-0.392834
-1.682668
0.192448
0.428692
0.798653
2.625973
-0.036002
-1.399157
0.219829
-1.622137
-0.391128
-0.894097
-0.565454
0.165383
-0.990635
2.014096
0.858051
-0.580702
-0.071725
-1.893919
2.026153
-0.613362
0.947016
0.555186
-0.073511
0.136798
0.261864
-1.471975
0.047027
-1.922445
-1.032577
1.289371
-0.570574
-0.700469
-0.269601
1.559484
1.732808
1.727157
-0.562187
-1.836826
-2.356689
-1.837640
-0.249660
0.017335
1.585719
0.962275
1.412081
3.380981
3.130923
4.691473
4.758646
0.773380
1.918778
1.992759
1.729432
1.031401
3.055789
4.218413
3.211644
2.808002
-0.011500
1.617474
1.264950
0.295774
0.246871
-1.149315
-1.473027
-0.956525
-3.001304
-0.988455
-1.281794
-1.592821
-1.252605
-1.841751
-2.376175
-3.206927
-2.612677
-1.422336
-1.191162
0.845569
1.999673
0.953521
1.773202
0.913461
2.055909
2.673521
3.325302
3.422839
2.191530
1.473975
1.114700
1.700617
1.807829
1.007431
0.605946
0.735588
1.241938
2.874622
3.149282
1.259087
1.667961
2.960151
3.686856
3.075645
2.390988
2.121566
1.855160
1.117440
0.235105
-0.238747
0.775372
-0.790210
-0.074497
-0.931188
-1.868021
-1.752185
-0.814486
-0.829831
-1.269892
-2.866246
-3.764988
-4.597466
-4.106567
-2.026716
-1.884548
-1.325877
-1.151526
0.724119
1.094683
-0.620831
0.254191
0.693914
0.080291
-0.588192
-0.051956
-0.597830
0.618682
0.719194
-0.972805
-1.185900
-0.078538
-0.954576
0.021568
-1.332947
0.585555
0.046108
0.843016
0.087927
-1.911962
-0.943892
-2.403963
-2.126100
-0.266841
-0.941966
0.843818
-0.998458
-0.401317
-0.914067
-0.940818
0.197164
-0.073092
-1.472207
-0.560132
-0.512661
-0.079816
-0.790993
-0.086497
-0.018257
-0.182448
-0.615481
1.411975
1.212213
0.641880
-1.565313
0.694130
2.331679
1.937612
2.394787
-1.092210
-1.739488
0.413533
0.244217
0.260231
0.617813
0.921274
-0.344547
-0.766347
0.158241
-1.495276
-0.364298
-0.197154
-0.255750
-1.755387
0.752790
1.123727
2.500931
0.316506
-1.268011
1.221851
0.407188
-0.012867
-1.089926
-0.513342
-0.363833
-0.399115
0.159645
-0.909671
-1.313692
-0.347262
-0.041822
-0.009185
-0.033966
0.650721
-1.338033
1.278458
1.415856
2.216244
1.092853
0.464490
0.564614
0.638392
-0.182289
-1.130818
-0.184138
-0.058606
0.390875
-0.244714
-0.528191
-2.184914
-1.953531
-1.192442
-0.400120
-1.172435
0.215399
1.394004
1.633499
1.248138
1.949948
1.332075
0.913772
0.742505
0.327751
1.306729
0.672674
0.067510
1.147610
-0.716881
-1.008251
-0.641655
0.274518
0.160283
-1.536802
-2.738140
-1.969035
-0.575192
0.895186
1.079296
1.896945
1.694861
1.146590
0.085452
-1.199677
-0.676255
-0.384847
-0.574693
-0.253617
-0.395741
1.676878
0.105389
0.286329
0.762372
1.505760
1.036937
-0.565088
-0.220096
0.547627
1.811829
1.337852
0.396612
0.091202
-1.077460
1.046171
0.329085
0.559347
-0.440048
-0.587744
-1.935516
-1.894927
-1.840834
-1.049933
-1.077289
-1.782751
-1.681287
-1.826926
-3.125413
-5.920443
-5.134246
-5.089752
-5.847617
-4.125202
-4.695876
-3.522834
-2.174156
-2.447424
-1.752146
-2.265797
-2.261389
-0.371369
-1.156865
-0.108538
-0.394699
-0.974912
0.982558
0.336422
-0.284352
-0.332673
-0.640786
-0.800151
-0.729489
-0.667690
-1.864436
-1.256463
-3.320335
-3.102322
-3.390642
-2.249861
-3.159836
-1.405566
-0.920701
-1.120286
0.298880
-0.892945
-0.561695
0.946284
0.371487
-0.047760
-0.774509
-0.676459
0.913100
-0.020395
-1.539165
1.179422
0.434715
-0.603105
0.480320
0.131284
-0.053442
0.454006
-0.347851
-0.240149
-0.964226
0.988915
-1.363623
0.719145
-1.760163
-2.002770
0.467378
0.517850
-0.589739
-1.576420
2.121402
-0.542310
-0.342319
0.430388
0.436081
0.208527
0.117340
-0.279069
-0.675762
0.022606
-0.463748
0.210233
0.642860
0.018028
0.133513
-0.684697
1.131694
1.116199
1.599862
1.110789
1.267154
-0.464354
0.925444
-0.250999
-0.178256
-0.297540
-0.603734
-0.678773
0.398658
1.697749
0.376791
-0.901617
-0.636390
-0.339739
0.859229
0.132499
2.204108
2.267284
0.032141
-0.690259
1.270969
1.430544
0.011072
-0.101192
0.639131
2.240055
-0.314472
-0.271950
-0.715466
-0.515662
-1.312359
-0.135294
-1.467269
-0.452264
-0.496636
0.923682
-0.086949
-1.427749
-1.159081
-0.969717
-0.396286
-0.484691
-1.220910
-2.878741
-2.152925
-0.853494
-1.423253
-1.623336
-0.905375
0.464281
-0.089618
0.334225
-1.415017
-2.036781
-1.892374
-2.025504
-0.912367
1.738447
1.897189
3.036111
2.821051
3.539599
1.811811
0.358406
1.430904
1.867911
1.004277
2.010734
1.103816
0.627816
0.779227
0.335809
1.212113
0.696310
1.458453
1.275875
0.664336
1.015658
-0.391450
1.092586
1.260842
1.208513
1.852370
2.236300
3.066211
3.223133
2.569048
1.894227
2.413800
1.699418
1.190588
1.823331
2.956845
3.254968
3.185819
1.462307
0.190146
0.882214
0.512740
0.513846
0.180902
-0.188092
-1.027243
-0.459201
-0.933211
0.437422
0.530718
-0.406449
0.782981
2.076455
-0.729285
-1.927692
-2.572966
-2.149130
-2.824276
-2.368072
-1.438802
-1.941265
-2.490842
-2.829452
-2.694253
-1.872455
-1.098611
-0.741578
0.276333
1.462619
1.936321
1.942839
1.136392
1.755829
0.657295
1.814716
1.809694
1.626159
2.575860
1.644566
1.693715
1.198345
3.061135
0.182555
1.500990
0.149601
-2.277520
0.462657
1.150654
-0.367302
0.103368
1.125182
-0.113394
0.709021
-0.953934
-0.365948
1.955743
0.045122
-0.638333
-1.218190
-0.284971
0.030518
-0.401642
-0.407209
-0.251892
-0.317353
-0.254571
-2.120517
-0.988107
0.390636
-0.910313
-2.068087
1.442931
-0.072537
-0.945952
-1.301236
-1.500569
1.595282
0.014123
-0.160367
-1.658090
1.255301
1.373885
1.111287
1.431588
0.108543
0.676846
-1.187557
-1.518392
-0.610703
1.177956
0.143325
0.395452
-0.766494
-1.006028
-0.292003
-2.407227
1.247095
1.735876
0.554647
-1.081102
-0.714263
-1.315125
-0.749569
0.049067
0.312302
2.034250
1.085422
0.371494
-2.911741
1.194219
-0.243976
-0.820537
-1.289029
0.119151
-0.799586
-0.771372
-0.407105
-0.047162
0.718417
-0.146431
0.400152
-1.130283
0.895627
-0.579433
-2.234507
-0.324935
1.262653
-0.853675
-0.118340
1.534341
-0.288909
0.240927
0.351284
0.944118
-1.044383
-0.966505
-1.618598
0.575878
1.447654
0.533509
0.293493
-0.072154
1.572927
-1.380792
-1.866827
-2.055300
-1.730141
-1.550024
-2.364396
-1.105689
-0.487264
0.397596
0.591580
-2.235209
-1.789372
-1.213184
-1.040779
-0.903379
-1.558546
-2.473716
-1.975785
-2.050782
-2.193469
-3.151892
-3.302412
-2.260564
-3.573637
-3.447238
-4.517531
-3.172157
-3.439771
-2.443338
-1.081147
-0.986869
1.415256
2.079995
0.670627
1.025828
0.212968
0.892541
0.684897
1.038873
0.935449
1.243296
0.522525
2.428504
3.235523
1.821964
1.347645
-0.056835
0.349673
0.489861
0.505712
1.978105
4.145840
2.785070
1.521616
1.931607
1.051542
0.590151
1.140694
-0.028180
-0.162840
-0.141773
-0.250024
0.168321
0.325013
1.422151
1.263988
1.622228
1.163091
0.986569
2.222210
2.022831
1.984074
3.243351
3.619707
3.070554
4.869942
4.563884
4.626032
3.146219
2.061146
3.498236
3.259713
3.331167
0.641804
0.483092
1.881758
-0.081630
0.067406
-0.425729
0.822541
1.378590
0.444568
1.591345
1.568624
1.094498
1.195041
3.111483
3.143438
3.775334
1.044051
2.625336
3.156606
2.610138
1.561281
1.112217
1.741752
-0.942325
0.434025
-1.877069
-0.490665
1.263439
-1.581790
1.040899
-1.326372
0.814934
1.914470
-0.726894
0.414751
-0.561208
0.000800
2.161175
0.375379
-1.962524
1.387697
-2.200655
0.474186
-1.395208
-2.313486
-0.432182
-0.516648
2.263162
0.474141
-0.996459
-0.868723
-0.196194
0.713140
-2.129626
0.911873
-0.848597
0.792250
-1.752601
0.343822
0.621709
1.879311
-0.768499
0.119933
2.686281
-0.952577
-0.706865
0.615437
-0.473892
0.092169
0.118435
0.369207
-0.144213
-0.941746
-1.270277
0.201977
-0.819044
2.357264
0.226487
0.769219
2.061022
-0.963175
0.706408
-0.160896
1.318460
-0.418063
0.575556
-0.254811
-0.409124
0.472456
0.714531
0.436739
-0.096768
0.938537
-0.052085
0.234208
-0.215889
0.816419
1.652817
0.387260
-1.119808
-1.427064
-0.008112
0.344149
0.454324
-1.715491
-1.066134
-0.681506
-0.457618
-0.978925
1.026513
-0.615841
-0.340571
1.321173
0.544529
0.583328
2.695037
0.597597
0.500735
-0.282051
0.236761
2.118748
1.597705
2.235208
0.707445
0.946782
0.563980
-1.621289
0.801579
2.326258
2.764719
3.514711
2.703864
2.403045
1.970570
1.405992
0.288039
-1.691551
-0.690877
0.598005
-1.749540
-1.939274
-3.861867
-2.254868
-2.221577
-1.256343
-1.237051
-1.080110
-0.816318
-1.170904
-0.169890
-1.397212
-1.053618
-0.320712
-1.380106
-2.248856
-3.481438
-1.804255
-0.457450
-0.488715
-1.646921
-3.209208
-4.253676
-2.181365
-2.116500
-2.404730
-0.313561
-1.831639
-2.986159
-3.721018
-3.317514
-2.527899
-2.231571
-1.176810
0.824997
-1.416528
-2.349896
-2.461664
-3.029569
-0.904911
-2.188552
-3.356490
-2.275663
0.935885
1.277756
1.589018
2.261669
1.526267
1.093504
2.495919
1.372635
-0.224434
0.338098
0.258717
1.720106
1.369221
2.117612
2.639499
2.184872
3.797571
4.461847
3.061789
2.920814
2.458510
1.617893
2.197432
0.501577
-0.116243
0.259807
-0.159050
-1.118050
-0.930377
-1.683822
-1.605890
-1.176358
0.188787
-0.157471
-1.347267
-1.882346
-1.358390
-2.918145
-1.639964
-1.412099
-2.052938
-1.356843
-1.228578
0.869555
0.656672
-0.783040
1.211588
-0.148897
-0.789331
0.780051
-1.068290
-0.902054
0.045075
-1.174468
1.051407
0.331659
1.826384
-0.310151
-0.381822
0.323306
-0.231913
0.082055
-0.732912
-0.473055
0.298406
0.205784
-0.717253
0.354067
-1.061048
0.750348
-1.156762
-1.386629
0.193283
-0.583527
-0.346072
-0.667486
-1.042609
0.515409
0.728838
-0.014016
-1.443709
-0.463494
-0.105712
1.751033
0.314139
-0.356369
-0.043389
2.002812
0.735238
0.007245
0.818694
0.078002
0.894053
-2.085729
2.795171
-2.245013
-0.096286
0.870959
-0.833255
-2.019798
0.554695
2.383402
-0.791220
2.331944
0.869665
0.340226
0.149004
0.863976
1.336241
0.146441
-0.366527
2.288014
-2.315252
-0.078608
-0.862423
-0.007037
-1.832555
0.597251
1.362034
-0.488295
-0.968482
-0.891479
-0.030129
1.357602
-0.706129
-1.457872
0.551433
-2.020185
0.570155
0.742336
0.566570
-0.215427
0.582405
0.775940
0.292289
0.126191
0.575751
0.293234
0.212688
-1.580956
-2.316137
-0.135304
-0.275356
-0.116573
-0.784592
0.707312
-1.186906
-1.070798
-0.408574
0.120534
-0.181788
-0.415163
-1.196726
-2.439512
-2.095770
-1.583243
-0.763277
0.187125
0.309236
1.660702
1.567071
0.613193
-0.402268
-1.237146
-1.831561
0.406844
0.355576
-0.256903
0.518988
-0.160111
0.027879
0.498538
2.044874
2.714960
4.987019
2.958466
4.137966
2.809178
2.813119
2.384711
0.867591
1.902594
2.034429
2.554641
2.072627
2.534187
2.876561
2.464342
0.681548
1.841622
0.620928
-0.484155
-0.367576
0.592109
1.230441
1.018008
1.522549
0.171837
-0.309888
0.586303
0.074976
1.412747
1.249079
2.014461
1.603080
-0.918991
-2.405063
-3.048077
-1.727069
-3.066231
0.852083
2.108919
1.826769
0.383076
1.447725
1.685928
1.095756
0.911007
0.598770
1.536829
-0.389162
-0.401560
-2.267582
-0.933287
-1.027968
-0.641867
-0.793844
-1.323682
-1.996493
-1.634382
-1.252896
-1.508196
-2.132089
-1.835465
-0.660365
-3.011948
-3.056891
-1.747831
-1.427261
-0.811537
-1.464990
-1.698343
-1.914056
0.403673
0.428036
-0.208092
-0.995086
-0.803313
1.233699
-0.683088
0.349256
-0.946128
-0.144239
-0.318730
1.859681
0.251143
1.471357
1.482219
-0.594405
0.305338
0.677698
-0.422477
0.956649
-1.725925
0.280118
-0.572376
0.990378
1.976508
0.350168
0.661380
0.089089
2.012462
0.479564
1.911546
0.647521
-0.333389
1.102032
-1.039604
-0.574448
-0.657297
-0.177016
-0.313870
-0.350581
1.178661
0.284676
2.119317
-0.930405
-1.256434
-2.651365
0.572797
-1.347390
-0.784766
1.745063
-0.947373
-0.368620
-0.320187
1.331195
1.103751
0.895747
0.784868
-0.852972
-1.094198
0.171193
1.582384
0.881012
-0.982420
-1.080084
-0.452019
-0.483786
1.236570
0.290017
-0.991688
-0.246402
-0.192200
-2.228785
-0.139678
1.280327
-0.253823
1.363157
2.052030
0.095947
-1.446509
0.951074
-0.855148
-0.621497
1.798011
0.732809
0.349287
0.185792
0.766469
-0.659354
1.080068
1.006945
0.593644
-0.119646
-0.631248
-0.150435
-0.511664
-1.857672
2.069882
0.816985
0.513651
-1.631047
-1.160791
-0.452279
0.309476
1.151722
1.652769
0.576669
-0.606784
-1.977997
-3.072939
-5.466096
-6.824748
-6.776813
-8.002317
-6.503342
-5.524675
-7.405070
-7.288408
-5.772585
-5.515730
-3.262073
-0.710741
0.049779
-0.642197
-1.159176
-0.107879
1.064828
0.472840
1.341289
2.002152
2.029887
2.347605
1.545883
1.839564
2.457902
2.886563
2.657153
2.274468
3.324152
5.084734
4.430053
3.405758
2.659066
3.719724
1.696780
1.858145
2.162900
2.601915
2.192621
0.995780
1.923002
2.620976
1.595244
1.001934
-0.292079
-0.533127
0.476161
0.239210
-1.361585
-1.043654
-0.652080
-0.004318
0.436350
1.797197
1.548153
3.869302
2.881537
2.806707
2.092933
2.150965
2.284495
3.163051
2.706442
1.099764
0.133311
1.703720
1.573518
1.861319
2.144668
3.941842
2.371410
1.601143
1.002599
1.371241
2.433494
2.544361
1.631677
0.735187
1.033710
1.561376
2.521742
4.100172
2.051336
1.060502
2.115222
1.150804
1.668979
-0.490128
-1.029105
-2.732411
-2.337882
-1.403595
-0.115710
0.939148
1.175546
2.693879
1.099454
0.876124
0.032521
-0.830096
0.641839
-1.383643
-0.416277
0.349912
-2.054547
-0.565542
-1.197149
-0.637464
1.524130
-0.270070
0.460764
-0.345543
0.472561
1.570688
0.716847
-0.770487
-2.065415
0.252208
-1.238432
0.237800
-0.189653
0.226827
0.798310
0.364840
-0.509744
1.637766
-0.987751
-1.354476
0.418069
-0.804539
-0.326547
0.690344
-0.552059
-0.198433
1.247682
-0.011246
-0.720887
0.199918
0.101258
-1.673170
-0.599848
0.126170
-0.247213
0.771562
0.892574
-0.702205
0.048752
0.750270
0.369759
0.369014
0.376835
0.946079
0.619831
0.699756
1.222011
-0.808291
0.269802
-1.165795
0.840887
-1.548894
-0.390012
0.254818
-1.298746
-2.273640
-1.541671
1.663518
-0.696578
-0.238979
0.390422
-0.330040
0.850395
-0.450353
1.096769
0.828330
-0.110354
0.351112
1.191509
-0.217805
0.636376
0.068858
0.393494
-1.582119
-0.156691
0.008257
0.863875
-0.001741
-1.239496
1.087358
-0.821766
-0.413683
0.731847
0.745814
1.141027
1.191187
2.020717
-0.525689
0.485757
2.430653
1.483063
1.371472
1.497991
1.996183
0.411746
-0.088652
-1.023691
-0.393108
-2.927237
-2.411243
-1.730765
-2.100507
-2.668367
-3.096961
-2.833693
-1.882756
-2.552469
-1.474263
-0.241197
-1.463401
-2.378694
-3.145419
-1.352058
-0.211051
0.105150
1.398604
-0.734454
-0.344939
-1.640515
-2.725997
-1.668201
-1.676705
-2.024978
-3.456878
-3.311102
-1.940934
-3.719227
-4.454443
-3.120556
-1.848218
-3.093615
-2.805600
-2.953120
-2.511604
-3.245330
-2.376760
-1.608546
-2.509640
-2.689797
-3.055567
-3.754889
-5.363276
-4.152900
-5.377617
-4.838986
-5.338465
-5.514624
-5.275272
-6.092419
-5.894185
-4.740061
-3.672927
-2.973838
-3.220278
-3.777164
-3.282549
-3.465262
-1.375886
-0.574013
-1.331902
-2.036970
-3.037675
-2.489072
-0.989365
-1.746139
-2.619084
-2.150011
-1.416448
0.186566
0.701139
1.016366
0.610324
1.607274
-0.189297
1.041489
0.213696
-0.348768
-1.349165
0.930219
0.500810
0.010771
-0.069085
-0.802575
1.927994
0.443549
-0.002574
0.736124
-0.386410
-0.496381
-0.130048
-1.341672
0.043427
0.358487
-1.205474
2.760266
0.985029
0.362541
2.330288
-0.103355
0.938526
0.864725
-2.185475
-0.351040
0.233013
-0.588708
1.079841
0.423362
-1.315179
-0.283066
0.635043
1.465470
0.147662
-1.190676
1.149706
0.821318
0.056068
-1.274855
0.684701
0.536344
-0.016785
0.914986
0.015760
0.348609
0.640081
0.654016
-0.078249
2.360525
-1.027888
1.108786
-0.275113
0.652624
0.186046
-0.807584
-1.338350
1.042923
-2.127922
0.558877
-1.284982
0.223420
0.510314
0.493361
-1.049386
1.227021
0.519517
-0.191094
1.746973
-1.128968
-0.273826
0.003226
0.405682
-0.325956
-1.009548
0.866504
0.770081
-0.195210
2.529010
0.697630
-1.002137
1.602835
-0.925989
-1.673994
-0.233658
0.983483
0.297969
2.199404
1.061416
0.972910
1.929640
2.257953
1.531856
1.275716
-1.411771
1.028241
0.218139
0.347877
-0.392188
0.371002
0.315032
0.956371
1.007933
2.137881
1.219405
-0.033441
1.630166
0.558186
1.218845
0.680539
0.870852
1.065481
1.279244
1.402602
3.626032
2.531907
3.689885
3.729234
3.470726
2.578021
1.075437
1.354800
0.250178
0.302958
1.152629
0.364085
1.136666
-0.429189
-1.023776
-0.952285
-1.285517
-0.902525
-2.104954
-1.594571
-1.267305
-2.536168
-2.163999
-2.526563
-2.159476
-1.087485
-1.542856
-0.143213
0.289358
0.133094
-0.366066
-0.380994
-1.381160
-1.391736
-1.141048
-0.354834
0.547477
0.011030
-1.535951
-0.288759
0.379611
-1.075656
-0.450232
-0.251671
-1.768970
-1.746042
-0.467435
0.858463
0.654485
0.912006
0.427929
1.091004
1.019155
0.245249
1.010132
0.411741
-0.303020
-1.519417
-1.902379
-0.607601
-0.810295
-0.579322
0.562866
-1.425115
-1.438375
0.298484
1.104032
2.192305
3.198401
3.510446
1.713238
0.139357
1.808815
1.157939
0.174569
-0.991819
1.145523
-0.442004
0.160889
-0.048756
0.987876
1.456694
0.704903
2.144366
2.669888
1.783753
0.750413
0.673372
-0.176973
0.156036
-0.872353
-1.446508
0.587624
0.341738
0.104384
2.808997
-0.721180
-0.384780
-0.315782
-1.129280
1.093357
0.661174
1.204899
-0.012524
1.089683
-0.268294
-0.665665
-1.159262
0.073761
0.176522
-0.045026
0.563847
1.038820
1.267208
0.719861
0.413639
1.020222
0.161705
-0.450405
0.748018
0.219410
0.067287
-0.642795
-1.574657
0.189668
0.251379
-0.260290
0.340175
-1.128716
1.799619
-0.061394
0.198828
-0.503041
0.271090
0.198811
2.198650
0.800412
-0.727534
-1.514672
0.285301
0.679639
1.455878
-1.063397
0.551729
1.219584
1.816741
-0.150915
-0.610873
0.224146
-2.518171
-1.076025
-1.052817
0.965090
2.041973
0.780335
0.437173
0.659041
0.005905
-1.928181
-0.450374
0.832692
0.948879
1.430078
1.046506
-0.744623
1.809216
-0.066232
1.133904
-0.544800
-0.621080
-1.676988
-0.008673
0.545539
-0.900946
-0.868422
-0.697421
0.197792
-0.731443
0.498573
-0.213016
0.854204
-1.512865
-1.413684
-0.079616
-0.019921
-0.339128
-0.876000
-1.910066
-1.495464
-0.230982
-0.191798
0.309538
-1.559217
0.095853
-0.541010
-0.472229
-0.836128
-0.383554
2.565823
2.752484
2.259497
1.853870
2.165181
3.442298
2.861705
3.485058
3.040739
3.712001
1.850110
0.874837
-0.993470
-0.168926
0.562430
-0.121596
1.190840
0.233757
0.134033
-0.250538
-1.350695
-2.650491
-1.283127
-0.709817
-0.267531
-0.600074
-0.910855
2.057961
2.526187
0.529029
-1.346967
-1.645143
-1.660832
-1.200349
-0.730984
-1.143146
-1.805806
-1.717319
-0.849309
-0.359926
-1.668216
-0.695394
-0.720906
-0.664277
-1.232741
-2.751925
-2.894871
-1.494826
-2.364373
-1.383324
-3.296647
-1.163352
-0.409922
-0.765747
-0.621477
0.461815
-0.763961
-1.471999
-3.652897
-0.675597
-0.656078
-1.431601
-1.235496
0.462290
0.380532
0.153957
-0.382661
-1.306342
-2.374575
-0.518956
-0.522557
-0.411342
-1.354002
-0.905782
-0.534128
-0.731737
-1.993377
-1.694252
-3.373909
-2.459818
-2.418402
-2.193483
0.994488
1.078651
0.326398
0.509956
1.384602
-0.070799
-2.497967
-1.866710
-1.426452
-0.204043
-0.568469
-0.919062
-0.498416
0.787066
0.083113
0.349939
-0.364295
1.378470
-0.387261
-1.172795
-0.503701
-0.319854
-1.181113
-1.748832
-1.750111
-0.784582
-0.461573
-1.185970
2.126059
-0.252679
-0.288421
0.453590
-0.490620
1.450727
-0.406911
-0.764731
0.338059
0.556415
0.472229
0.227600
-1.427516
-0.396114
-0.589643
0.795916
-0.876695
0.410029
-0.985192
-1.670459
-1.052765
-0.298360
0.310625
1.288852
0.299504
0.284038
0.267857
0.438968
2.648315
0.423722
-2.447949
-0.191534
0.526370
-0.359727
1.075872
-1.354407
-0.668738
-1.078157
0.292490
-0.588424
-0.161153
2.458761
0.524317
-1.158040
-0.317829
1.189874
0.236215
-1.138507
-2.607798
-0.116517
-2.102337
-1.217172
0.499809
-1.139548
-1.399515
0.390851
-0.429173
-1.125591
-0.983665
-0.503214
-0.831767
0.300028
1.844226
-0.041080
-1.561032
-1.044757
1.884020
-1.296849
-0.301822
-0.332216
-0.784383
1.166026
-0.472361
-3.396252
-0.548485
-0.256918
-0.886550
1.987963
-0.136069
0.782931
-0.101402
2.304972
-0.390085
1.311253
0.331494
0.556842
-0.672718
-2.120860
-0.260145
-0.076807
0.262149
-0.708337
-0.574691
-0.517561
-1.149101
0.958596
0.885585
1.237808
1.197644
0.647398
0.587980
2.099088
-0.667028
0.169324
0.596753
0.055648
-0.255468
-0.044729
-0.864412
-0.662688
-1.253352
-0.631426
-1.568853
-2.496751
-1.957592
-2.116689
-0.690645
-1.277974
-0.134306
0.320198
1.551310
0.983867
-1.399990
-0.025250
0.724429
0.454669
-0.422424
-0.228944
0.157812
-2.770464
-3.288004
-3.137497
-1.850172
-0.086423
1.807036
0.942783
1.045759
0.676463
1.492060
1.826760
1.146173
1.393277
0.076452
1.119156
1.001598
-1.242905
-0.805161
-2.517029
-1.985062
-0.571104
-0.139079
-1.348292
-1.056977
-1.862974
-2.194303
-1.715399
-1.599731
-2.538012
-2.125853
-2.577940
-1.016178
0.812694
-0.105700
0.665258
-0.290183
0.027816
0.651570
-1.163049
-0.000878
0.568942
-0.776205
0.916486
1.997008
1.025797
-0.380696
0.010779
-0.078003
-1.804716
-1.370651
-1.807535
-0.651358
-0.875038
-1.552972
-0.772717
-1.518915
-0.322129
0.222811
-2.546743
-0.962574
-0.535796
1.576134
-0.428490
-1.066977
0.043118
1.527846
-0.484980
-0.219863
0.911002
-0.402425
0.665566
0.644422
-0.963602
-1.447796
-0.842761
0.229384
0.570987
1.517732
1.969371
-0.124696
-0.602281
0.489871
0.857998
1.278656
-0.808459
0.173587
-1.340057
0.300760
0.858013
1.549965
0.649349
1.137009
-0.490289
0.169991
-0.247718
-0.096614
1.385714
0.225498
0.508415
-1.100172
-2.423375
0.838771
-0.888937
1.420235
0.722487
-0.429596
0.936666
0.633295
0.096879
-0.416228
0.763136
1.004187
1.366339
1.919390
1.318167
2.733881
-0.796035
-1.008401
-0.334610
0.720439
1.335837
0.118577
-2.191845
-2.640171
0.968877
0.273498
-1.450823
-1.105940
0.195589
1.545184
1.330112
-0.536217
-0.324708
-0.593696
0.136975
0.795694
0.282492
1.116733
-0.324697
1.757100
0.241066
-0.121076
-0.327884
0.334378
1.084997
-0.414626
-1.728925
-2.094650
-0.684786
-0.550958
0.478088
0.484990
-0.086190
-0.369490
1.405010
-0.836434
