0.000000
-0.624656
0.659632
-0.209435
-1.413572
-1.349442
-0.869281
1.278162
-0.031490
-1.132454
1.190513
-0.983319
-0.364403
2.791475
0.495398
0.889291
-0.995784
-0.670711
-0.582885
1.315079
-0.924570
0.254465
-2.016199
-0.607978
-0.989321
1.514405
0.688292
-0.516311
0.310535
-0.031903
1.169942
-0.181797
-0.298648
0.210023
1.462780
-0.296446
-1.259216
0.201572
1.151887
0.910146
0.821177
-0.642877
1.776333
-0.710689
-0.160738
0.226704
-0.866561
0.487146
1.080996
0.723282
0.559426
1.288151
0.930975
0.242785
1.092442
-0.534128
1.240200
-0.453070
-0.791658
-0.630218
0.879431
0.552008
-0.943141
-1.104616
0.238056
0.263535
0.180248
0.391025
-1.331051
0.710039
0.311489
0.160661
0.606700
1.311564
-0.153653
-0.907671
0.635928
1.018555
-0.726133
0.641364
-0.160389
-0.761395
-0.686985
1.115644
0.980861
0.491608
-1.150665
1.635290
1.346824
3.573131
-0.062227
-0.313739
-0.857102
0.146976
-1.896074
0.135743
0.266407
-0.639645
0.619520
0.486852
0.418779
-0.182452
-0.915534
-1.941638
-2.181053
-0.811444
-1.289281
-2.971265
-2.487833
-1.634710
-1.453733
-1.546991
-2.541120
-0.863305
-0.995717
-0.756305
1.351600
1.988964
1.816726
2.776826
1.099654
1.880529
0.561599
2.383888
2.705426
2.165005
0.745942
1.164418
-1.381267
-1.578612
0.176251
0.137741
1.849189
1.538560
2.288710
1.871097
1.079151
0.924889
1.572673
1.765012
2.494427
1.753164
1.122357
1.146406
-0.093980
-0.485188
-0.368102
-0.874682
-1.972556
-0.915331
-0.582691
0.320144
1.384197
2.170146
0.994281
0.570899
-2.200943
-1.534649
0.044336
0.135867
0.573689
-0.149943
0.842931
0.630240
-0.270650
0.499406
0.959624
1.229688
-0.735641
-2.789464
-2.676168
-2.699728
-3.723454
-3.136394
-2.988005
-1.406645
-2.741188
-1.814713
-2.366441
-3.306468
-3.765301
-3.235469
-0.742367
-0.978783
0.789810
1.263475
0.575302
0.373450
0.335331
0.087000
0.028362
-1.561590
-1.179109
-1.736077
-0.817387
-1.247563
-1.645512
-0.963261
-1.187507
-0.197057
-0.300991
0.061132
-0.656536
-2.314346
-0.656910
0.990523
-0.028399
1.909991
2.458313
-0.730481
-0.432707
0.460677
0.151015
1.616973
0.949853
0.205287
-1.554414
0.214244
-1.291289
-0.258785
0.841918
0.877857
0.984392
0.313391
-0.866013
-1.299394
0.607567
-0.806520
-0.584888
0.644136
1.095327
-0.579400
-0.618668
-2.068693
-0.226716
0.236633
0.273253
0.305299
-0.646141
0.076106
1.814773
0.011006
-1.046189
1.080296
0.265640
-0.418760
0.908054
0.432709
0.259968
1.575473
0.367939
-0.307020
1.982258
-0.569125
-0.438778
-1.071728
-0.096073
-0.203475
0.507634
1.817037
0.035531
-1.574041
0.894385
1.428686
-0.201920
-0.761876
-1.235982
0.707334
-0.503987
0.730811
-0.508834
-1.182669
-1.177788
-1.435221
0.292880
-1.901126
-0.261236
1.012263
-0.561530
1.065406
-0.138484
1.193302
1.283973
-1.253341
0.858419
-0.618398
-0.004486
-0.663568
1.212488
-0.507989
1.985992
-1.091766
0.639449
0.640241
1.894105
1.414978
1.633364
-0.494011
-0.862722
-0.456305
-0.835315
0.741079
0.368714
0.425952
-0.527126
0.327588
-0.129972
-1.244319
-0.618349
-0.753920
-1.536720
-0.032157
0.559722
1.274137
2.332696
3.398502
3.263332
3.645764
3.391069
3.785473
1.983652
0.875580
1.288877
-1.021396
-0.157147
0.418407
1.355733
1.798309
0.766767
-0.450691
-0.252780
-2.161601
-0.580727
-1.843770
-1.293199
-0.698905
-0.966150
0.124625
-0.264165
0.229786
0.755301
-0.360095
-0.333736
-1.251572
-1.622482
-0.503574
-0.431085
-0.686546
-1.534730
-1.711411
-0.906136
0.117980
0.428628
0.594429
-0.098640
0.634825
-0.496534
-0.750292
-0.155935
0.379657
0.094576
-1.509544
-0.822580
0.409397
0.400866
0.030411
0.325524
1.378900
3.105889
1.955727
2.160489
2.856316
1.471396
1.448450
1.068346
1.307142
2.146647
-0.412412
0.533149
-0.660886
-1.420404
-2.923110
-3.521283
-3.857841
-3.720384
-3.715733
-4.095264
-2.452980
-2.410298
-3.218181
-2.867449
-1.146153
-0.892704
-1.235269
-0.114093
-0.162489
-1.169644
-0.557197
1.209202
0.781358
1.661123
1.374301
2.452386
-0.939347
0.281579
-1.687778
0.760889
-0.060795
-1.344432
-1.303161
0.676102
0.454056
-0.941157
-0.946839
0.058025
-1.739519
0.971263
-1.681103
0.025918
-0.224583
0.711844
-1.425122
0.966114
0.898767
1.054821
2.777184
1.087230
0.649645
-0.602636
-0.130464
0.984566
-0.234353
-0.217467
-0.742689
0.246059
-0.368344
1.937874
-0.109693
-0.092286
-0.312378
2.323969
0.510167
-0.205703
-0.750242
-1.465138
0.615049
-1.075663
0.959215
0.503736
0.951265
-0.976679
1.345117
1.810579
-0.487151
0.791147
0.161665
-0.073582
1.708532
0.340129
-1.094414
-0.470947
-0.736186
-1.237785
2.154479
0.372213
-0.514596
0.531190
0.281031
1.410893
-0.847613
-1.479188
2.734193
1.375647
0.739218
0.535249
0.556236
0.720632
0.486542
0.392372
1.583217
0.267641
0.645225
-1.366896
0.560474
-0.058709
-0.853983
-0.112850
0.236177
-1.587190
0.037328
-0.365868
-0.233743
-1.682916
0.502658
-0.481079
0.166641
-1.748624
-1.081571
-1.401682
-1.091563
-0.962484
-0.257649
-1.198020
-1.577621
-2.868933
-2.640634
-1.963462
-1.407410
-0.467958
-0.661303
0.069879
0.812038
-3.339551
-4.551453
-4.790098
-4.062528
-2.234305
-3.701824
-2.436080
-3.526745
-3.660344
-4.177825
-2.293579
-1.695492
-1.638648
-1.997601
-1.614459
-1.186252
-0.292233
-0.707041
-2.754379
-2.942244
-1.559129
0.285258
-1.336861
1.188275
1.230681
0.586431
0.832877
2.035053
1.739459
1.068999
0.234787
0.313599
2.821856
1.750090
2.750279
2.989869
1.711223
3.032678
2.788016
3.810007
4.070880
1.683774
2.490079
3.049801
3.612702
1.888533
1.512813
-0.839951
-0.475353
-0.607982
-0.034637
1.127134
1.266581
-0.007200
-2.423565
-0.830294
-2.160277
-1.981425
-1.451298
-0.654937
-0.171766
0.434118
-0.368063
-0.684975
0.112836
0.100360
0.984947
0.756545
0.720256
0.146464
-1.076649
-0.722537
0.827224
1.811851
1.811490
2.432184
2.978724
4.219776
5.960444
6.291981
5.665898
6.617413
0.171123
0.501330
0.856504
-0.777527
-0.270889
-0.243309
0.816693
-0.796226
-0.137867
1.433353
-0.663068
-0.112636
-0.153861
-0.183813
1.396758
0.078542
-0.705062
-1.237952
-0.543822
1.421180
-0.110438
0.153192
-0.703285
0.027860
0.404007
1.217612
-0.452494
0.456503
0.154171
0.491367
0.953999
-1.437297
-0.156694
-0.279094
1.881527
2.042290
0.102022
-1.508381
-0.706697
1.792821
-0.650019
0.944562
0.619496
1.735445
0.658332
-0.411641
0.358428
-2.282785
0.340447
-0.009817
0.941492
0.754291
0.352271
-0.701396
0.214301
0.555514
-1.631793
-1.171332
-0.927871
-1.339137
0.157553
-0.545983
-1.121791
2.097881
-0.842456
0.696569
-0.322749
0.047594
-1.923008
-0.016526
-0.294891
1.648699
-2.635424
-0.398215
1.322660
0.413240
0.300490
1.317038
-0.779051
-0.004787
-0.899814
0.152737
0.346479
0.381387
1.830766
1.204949
1.685051
0.464658
0.770126
0.523554
0.400951
-0.665930
-0.360533
-2.677895
0.097976
-1.468734
-0.823566
-0.558246
0.006903
-0.189830
-0.481840
-1.319076
1.281125
0.014989
0.137584
-0.755632
0.854101
1.639871
0.366202
1.396515
0.987338
1.624503
2.984215
2.822820
3.871567
2.543549
0.917681
2.159210
2.442621
2.807791
3.144889
3.505885
4.478873
2.866332
1.681047
1.445717
0.806895
2.139286
3.692875
3.961070
2.780840
2.924369
2.924482
4.545846
4.332334
3.820867
3.132765
5.346766
4.817056
3.664497
2.072532
3.316454
5.042965
4.823465
3.770622
4.436385
5.750929
6.268078
7.063341
6.934567
6.605439
4.538338
4.637316
4.656614
3.668709
3.124930
4.442408
3.094560
3.906415
2.721296
3.148958
2.828914
3.507418
2.606558
1.687081
0.450785
0.002164
-1.687280
-0.612070
-0.008656
-0.908394
-0.917666
-0.923846
-1.001455
0.108658
-1.468146
-1.566314
-1.304104
0.008016
0.484175
-0.959062
-1.478044
-1.909899
-2.015746
-0.672910
-0.510878
-0.701631
0.347515
0.004737
-0.082992
-0.063897
0.003926
-0.957612
-1.133771
-0.679738
-1.979396
-1.588601
-1.334039
0.155168
-0.352608
-0.535091
-0.147245
-0.915561
0.405061
-0.960922
-1.515570
-0.698165
0.317043
0.315880
0.319179
0.115407
-0.903367
0.128366
-0.289652
-0.071767
-1.668403
-1.780888
-0.633209
2.003194
-0.903727
-0.524537
0.184655
0.565745
-0.834433
-0.325074
-0.256462
1.161127
-0.469134
-0.510519
0.107708
0.299243
-0.986844
1.014761
0.132358
-0.282152
-0.613179
0.800186
-1.104693
0.049737
1.022241
-0.288935
0.917883
0.929191
0.101982
-0.832567
-0.967786
0.149937
-0.748645
1.306392
1.019796
0.306036
1.095142
-0.327016
-1.357453
0.940585
1.256177
0.081787
-1.248007
-1.409643
0.668470
-0.872294
-0.224137
-0.041728
-2.718137
-1.444267
-1.513253
-2.710740
-0.813347
-1.193707
-0.640971
0.823218
0.810208
-1.418086
-0.529119
-0.167118
1.390466
-1.137067
0.491871
-0.862899
-0.921687
-0.515417
-1.931149
0.783476
2.352173
-0.575243
-1.511948
0.999565
0.698109
-1.266928
1.129535
2.468196
-1.377789
0.289328
1.336727
0.904298
-1.098994
0.092984
1.317496
0.458945
0.342752
-1.189638
-0.565356
1.443232
0.492627
1.451476
1.340078
0.632696
1.489973
-0.489427
-0.238454
0.103144
1.147711
0.269444
1.375542
-0.020918
0.961403
-0.552022
-1.839690
-2.005541
-1.478208
0.065486
-0.954342
-1.080294
1.143682
2.823052
2.795138
3.829486
1.571057
2.071001
1.764558
0.515251
2.974206
3.008462
1.693120
0.727116
0.432253
0.140962
-0.997667
-2.235336
-1.678260
-1.690451
-2.718440
-2.928195
-0.930930
-0.136416
0.156875
0.334979
0.634603
1.485790
0.734975
0.019162
1.513307
0.822553
0.997639
0.756062
-0.525111
-0.639656
-1.653243
-1.794630
-2.937809
-1.068309
-0.126644
0.769497
1.796068
0.422881
0.925823
1.020193
0.654120
2.692851
2.715509
1.914396
1.248595
1.517138
-0.176023
-1.673693
-2.871651
-2.659970
-1.365663
-2.307275
-1.536266
-1.096740
0.686122
1.319594
2.254168
3.230512
3.578810
2.940660
1.346073
2.202599
0.900710
0.094260
0.944691
0.605713
0.243580
-0.839696
-2.549382
-2.967729
-5.493441
-5.356339
-5.933752
-5.834681
-1.810255
-0.506548
-1.346476
0.984441
1.642742
0.191784
0.896445
-0.218566
0.449462
0.351931
-0.595011
2.109206
0.372659
0.577479
0.463853
0.212601
0.145644
0.008063
-2.420077
0.760651
1.107871
0.269444
0.387379
-0.824314
-1.357333
-0.488321
-0.672386
-0.001750
-0.100028
0.245264
-0.455895
-1.175700
0.561105
1.102782
-0.615326
0.246041
0.827291
-0.268659
-0.860978
-1.259566
0.490682
0.351416
-0.024807
-0.766471
1.486441
-0.055064
1.689775
1.031618
1.484028
1.041815
0.797080
1.412188
0.479184
0.373116
1.269611
-0.340716
-0.288639
0.062211
-1.769662
1.618036
0.215756
-0.383859
1.111463
-1.054554
-0.604872
-1.876474
-0.669049
-0.945707
0.114484
0.582990
1.109333
0.606277
-0.045015
0.013349
-0.185328
0.597643
1.102735
-1.361150
-1.722971
-0.296463
0.571921
1.559138
-1.117156
-1.201698
-0.663392
-0.885780
1.851481
0.812970
1.327238
0.269320
0.050443
1.726314
-0.242577
-0.997926
-1.984032
-0.945861
1.081942
0.774019
0.006208
-1.558289
-0.139270
0.039358
1.152458
1.282439
-0.360364
-1.306308
-0.115429
-0.787505
-0.698868
-0.110991
0.088304
0.923447
2.464865
1.352942
2.811337
3.617278
3.629520
4.007198
5.475534
4.442348
2.700801
2.571433
3.662619
3.521341
3.300771
4.208269
2.967973
1.876712
2.233568
1.114617
-0.837834
0.336864
0.214935
-1.100351
-1.922545
-2.791558
-2.896407
-1.950031
-2.376911
-2.008536
-1.833695
-0.682954
1.177505
-0.516863
0.454435
0.332921
-0.329976
-0.959035
-1.975591
-2.247653
-0.790061
-0.227861
-0.646108
-0.695396
1.764736
1.299271
1.617921
-0.592195
1.175967
1.206336
1.313459
0.836054
0.694095
1.745483
1.714937
2.101179
4.761693
2.709171
1.227956
-0.024725
-1.261176
-1.749480
-1.140554
-1.370219
-0.919011
-2.453282
-3.355358
-3.869734
-2.954305
-3.678026
-4.777818
-4.174648
-3.041772
-1.441508
-0.434135
-0.393846
-0.959435
-0.365356
-1.554263
-1.871360
-3.369259
-2.721938
-2.618677
-0.244098
-2.514974
-2.707095
1.289735
-2.248580
-0.139789
3.835000
-0.492548
-0.288403
-0.740233
0.336832
-0.082823
-1.970477
-0.884789
0.554558
0.320772
-0.454742
-0.436163
-0.309202
-0.566710
-0.340131
-0.524477
0.657630
1.411580
0.276844
-1.625578
-0.754211
-0.253612
-1.156760
0.543722
0.710313
0.148684
-1.101407
1.069160
-1.516694
-0.114414
0.836556
-0.231248
1.337255
0.322115
1.032233
0.382641
0.863563
-0.835165
-1.257751
-0.529299
0.756705
-0.399889
0.666404
0.355618
-0.854380
0.710379
-0.991495
1.001886
-0.705841
0.019907
-0.112419
-1.339526
-1.066214
0.845277
0.401872
0.435857
-1.279303
-1.196568
1.235971
1.036822
-0.757601
0.667327
-0.982843
-1.465428
0.675487
-1.664772
0.237643
-0.195028
-0.054540
-0.885869
0.264727
0.431346
0.093030
-1.161174
0.335692
-1.681349
0.092317
0.269866
0.157894
0.264928
0.254171
0.033677
-0.265765
0.000305
1.006425
-0.636516
1.222928
-1.945835
0.105715
0.764932
0.282862
-1.662023
-0.432900
-0.417283
-0.192200
0.461165
-0.073851
-1.075659
1.143727
-2.178057
-3.160471
-3.081219
-2.233980
-2.060475
-2.289089
-2.062810
-2.386117
-2.457563
-2.104811
-1.155660
-0.200402
-0.275672
0.327091
-1.346827
-3.455078
-1.623278
-1.199870
-0.349010
-1.670259
-0.783694
-0.766792
-1.327210
-0.053886
-1.667564
-2.935393
-4.190212
-4.287647
-3.757387
-3.954666
-3.634366
-3.370353
-4.196962
-4.061927
-2.419660
-1.797395
-1.757460
-0.871574
-1.031618
-0.984917
0.206458
0.488243
-0.556120
-0.788666
-0.205395
0.927900
1.843910
1.110437
1.371192
-0.200143
-0.153962
-0.732599
-0.216045
-1.678840
-1.266195
-0.993567
-1.385448
0.075540
0.587430
0.164594
0.498896
-1.006435
-1.246642
-1.789484
-0.603023
-0.911347
-0.982826
-0.275324
-0.858903
1.086529
-0.258271
1.042066
0.030248
0.859194
0.842993
0.198160
-1.644711
-2.392127
-2.671199
-3.571907
-2.671741
-2.022975
-1.017377
-1.058289
-2.194295
-1.551140
-2.154195
-2.059206
-3.516856
-2.469394
-0.918033
-0.937090
-1.589272
-2.522780
-2.967603
-1.720705
-2.518731
0.825602
0.900906
0.708831
1.914805
3.277338
2.794937
3.965281
0.849771
-1.226848
-2.096954
-0.090835
-0.855129
-1.080277
0.800205
-0.372692
-0.228867
-0.894856
0.374997
-1.750684
0.228814
0.451272
1.482509
0.672555
0.034966
1.545062
0.542833
1.119641
0.754671
-0.893018
-1.010062
0.631591
-0.376549
-0.847863
-0.684555
-0.472132
-0.681576
-1.034843
0.537057
-0.824630
-0.510397
-0.123226
-0.668743
-0.510536
2.460209
0.184124
-0.059475
-0.792296
1.694353
0.445901
-0.016449
-0.086494
-1.166651
-1.095421
0.049610
1.333552
-0.752138
0.664032
0.621849
-1.797924
-0.839310
0.304962
0.081466
-1.223951
-1.364134
-0.353170
-1.242425
-0.786760
-0.597315
0.525197
0.236401
-0.689997
0.863252
-0.518077
0.881621
1.667061
1.064384
0.063364
-0.891387
-1.932236
-0.822348
-1.617500
1.083073
-0.841197
1.481359
-1.570229
-1.591804
-0.214484
-1.806355
0.297511
1.771031
0.342288
-0.658128
-0.886460
0.880819
-1.126508
-1.405841
1.139609
-0.282629
-0.567131
1.530266
2.858974
2.426059
1.330450
2.030257
1.521696
1.663950
1.826007
1.758202
1.104624
0.937741
0.312515
1.281101
2.202302
1.573542
1.613588
1.980432
3.704381
2.817292
2.282385
1.055776
2.242437
0.602880
-1.653771
-1.796456
-1.174424
-1.773459
-0.710524
0.650876
-0.568985
-0.894845
-1.260312
-1.190911
0.180817
-0.879049
0.237466
0.483997
0.562280
1.134608
2.101287
0.111314
0.108141
-0.520212
-1.178926
-2.552194
-3.358970
-3.314348
-1.973767
-0.904695
0.292218
3.636615
2.006421
1.754107
2.240621
3.242854
2.747812
2.075945
3.311065
1.905207
0.610247
-0.574602
-1.249718
-0.424998
1.489235
0.648344
1.031415
1.393103
4.096462
4.508016
3.138349
3.481409
2.998123
2.619416
2.112033
2.168158
1.175044
1.221310
0.517163
-0.155646
-0.894469
-0.506070
-0.458178
-1.612961
-0.230852
1.584439
1.097449
-0.189581
-1.663042
-2.943114
-1.734849
-2.557850
-1.185664
-2.382743
-3.588370
-2.953945
-1.730552
-1.760939
-0.659200
1.116814
1.078149
-1.308746
1.240490
0.544312
0.131237
-1.024274
-1.181494
1.202561
-0.495935
0.607799
-2.297834
-0.223285
0.653719
-0.348908
-0.178799
-1.230671
-1.284575
0.095959
0.842890
0.826397
-0.591108
0.199012
-0.953387
0.544306
0.160489
0.511825
0.510771
0.503247
-0.435489
-0.667326
-0.587723
-1.795915
1.074775
-0.115861
-0.809845
0.394609
2.326652
0.131671
-0.913302
1.958098
0.898686
-1.423987
0.866863
-0.618560
0.375383
-0.835806
-0.739660
1.053418
0.035935
-0.246711
0.961944
-0.067557
0.280224
-1.998216
-2.005182
-0.444177
-0.434402
0.789036
0.969047
0.484092
-1.625162
0.728202
0.467908
1.449944
0.511581
-0.098318
-1.555823
-0.828414
-0.628052
-1.456630
1.086822
1.387586
0.015390
0.861000
0.305220
-0.122279
-0.999412
-1.450252
2.920151
-0.925219
1.872828
-0.517761
-0.011453
0.120081
1.002423
-1.195568
-0.579740
-1.044328
-0.001547
0.278564
-2.942377
0.987140
2.980296
0.568963
0.496172
1.219546
-0.270674
-0.520539
-0.020133
-0.075385
-0.488263
0.465674
0.241303
2.045653
0.875368
-0.921642
-1.427163
-1.512843
-0.183087
-0.511267
-0.555542
-1.111883
-0.884985
-0.592956
-1.546758
-1.766704
-1.251924
-0.523006
-2.007448
-1.128181
-1.640020
-0.857196
-0.751173
-0.963632
-0.361740
0.965216
-0.060980
0.305466
0.323913
-1.128738
-0.842861
-2.207628
-3.217260
-3.517211
-2.343827
-2.460709
-1.724409
-0.828780
-0.356827
0.388994
0.814304
1.028585
1.559638
-0.149130
0.445431
0.494893
-0.904208
-0.340922
0.830932
0.428018
0.994515
2.147642
2.451035
2.128325
1.333526
0.549492
0.070944
-0.373786
0.006495
1.215802
-0.254598
0.699604
1.191276
0.523605
-0.748265
1.373108
1.763901
2.527352
2.767181
3.468116
2.162966
2.620747
1.540933
2.555070
-0.197174
-0.270081
-0.138573
-0.357001
0.147626
-1.781817
0.146659
-0.776367
-1.655957
-0.305664
-0.879740
-3.767564
-2.763045
-0.759825
0.604222
0.402311
0.238923
0.453365
0.256695
0.809545
-0.352448
0.123870
-1.723097
-3.304791
-3.782607
-4.285284
-2.597434
-1.681257
-1.458599
-2.421198
-0.842481
0.518397
1.138237
-0.993103
-1.017125
0.850203
-2.103674
0.406164
0.174623
-1.058832
0.105375
0.338362
0.639875
0.128151
-0.197836
-0.482446
-0.922381
-0.051101
-0.377090
0.212502
-0.409485
2.378275
1.353993
-0.940660
0.865635
-1.330671
0.788476
0.612076
-0.693311
0.198805
0.367163
-0.462109
-1.242859
-0.437105
-1.301721
-1.868303
0.299886
0.075545
1.184363
-0.667516
-1.799320
0.430665
-0.017945
-1.219299
-0.027141
-0.341209
0.407510
1.514137
0.625731
0.476452
-0.516849
0.736675
-0.900782
0.755970
-0.949454
0.346389
2.379752
-0.734693
-0.646895
0.214238
-0.913616
2.576578
0.389720
2.179685
-0.479569
0.066114
-0.096176
0.570240
-0.054936
-2.747607
-0.193541
0.516490
-1.423357
-1.294190
-0.928144
0.512005
0.055320
1.019124
2.849296
-0.840308
-1.648687
0.529249
-0.170539
1.133561
-1.279018
0.473527
0.161020
1.114281
-0.104843
-0.505673
-1.804093
-0.389569
-1.271833
0.821593
-0.332736
0.305472
2.312501
-0.952794
0.940755
0.764885
-0.148475
1.351280
-0.644875
0.438727
0.991266
2.144616
0.381647
0.280419
0.237587
0.360765
0.253273
0.877095
0.239404
-0.389345
-0.533397
-0.460821
0.497192
1.284105
0.326964
0.164123
1.905754
0.443876
-0.366632
-0.868543
-0.882053
-1.379447
-1.309353
-1.647138
-0.445294
-1.034523
-0.577902
-1.573641
-2.413116
-2.938357
-3.160175
-3.029803
-3.531524
-3.752941
-2.550786
-2.493400
-0.779789
-0.538553
-0.820390
-0.760879
-0.631092
-0.761198
0.200296
0.164321
-1.623080
-1.361812
-0.129440
1.060566
2.247878
2.641974
3.147973
3.466545
3.013233
0.629518
-0.333022
-0.950651
-1.900975
-3.494062
-4.228269
-4.128652
-2.815610
-1.765484
-1.336460
-2.287485
-2.672924
-1.664599
-4.174947
-2.623849
-3.114008
-1.626617
-1.760656
-1.865711
-2.406904
-0.677569
-1.213850
0.182024
0.366453
0.896911
-0.267876
-1.642815
-2.397671
-1.891427
-0.602455
-2.552338
-0.580548
1.150704
1.471724
0.396071
-0.144011
-0.524881
-0.049353
-0.290788
-0.912802
-2.186560
-0.318079
2.163159
0.575819
-0.660379
-1.637686
-1.789173
-1.398726
0.137375
2.402780
0.662721
1.015737
-0.239653
-2.522409
0.327663
1.160216
1.596627
0.037959
0.534928
-0.466699
1.244445
0.185951
2.373337
-0.086243
-1.136887
0.576652
0.361969
-0.492612
-0.559236
1.272877
0.157954
0.005876
1.045533
-1.658909
1.534132
-0.877527
0.355136
1.640629
0.358692
-0.078958
0.947495
0.553385
2.314601
0.009780
-0.777030
0.406352
1.183718
0.070216
-0.826616
0.197522
0.036687
-0.370372
-1.169107
-1.247392
-0.710627
-0.886837
-0.487824
-2.408553
-0.002605
0.261603
-0.432225
0.808496
-1.553874
-0.891656
0.427516
-0.852118
0.428032
0.020253
0.035794
-0.556875
-1.020150
2.246900
2.206617
1.169493
-1.443080
-0.257552
0.004363
0.770332
0.655667
0.994242
-0.556910
0.073734
-0.104958
-0.632136
0.652893
-0.011536
0.078679
-0.586275
2.044998
-0.340511
0.591046
-1.293660
1.353455
-0.949207
0.578729
-0.273730
0.814555
0.621985
-0.634347
-0.801255
-2.532033
-0.756456
-0.415794
-0.501815
-0.442663
-1.133282
-0.721845
-0.541751
-0.100370
0.492430
-2.371973
1.540735
0.788578
0.707128
-0.641316
-2.193790
-1.687558
-0.647894
0.197565
0.767584
-0.209399
0.537109
0.256043
-0.410746
0.333629
1.324732
-0.341386
-1.442134
-0.614449
-1.714574
-1.530620
-1.337177
-2.172589
-1.882487
-0.487739
-0.837122
-0.454659
0.417857
0.425392
0.707868
0.355518
-0.500002
-0.788410
0.129348
0.798982
0.168762
-0.469077
1.175923
0.946914
1.014621
1.583193
1.710228
2.302871
3.985509
5.304325
3.392632
2.236801
2.388342
2.755925
0.750573
2.284006
1.787855
3.322378
3.751850
2.821859
2.030713
1.569442
1.640094
1.898750
1.849366
0.525725
-0.193416
-1.716376
-1.082137
-0.757923
-0.247710
-0.750875
-2.085896
-0.458807
-1.036240
-1.656515
-1.746950
-1.427139
-1.407721
-2.348699
-3.202205
-4.012490
-3.746441
-2.194473
-2.374429
-2.237242
-2.377250
-2.378872
-2.081785
-1.242360
-0.041197
0.548314
-0.104619
1.286300
1.371292
0.476810
0.459522
-0.234936
-0.313613
-0.590537
-1.941621
-1.655522
-2.167337
-1.070116
-1.250207
-3.175194
-4.674485
-3.112698
-2.435377
-2.096626
-1.503187
-0.365904
0.770369
1.158657
0.718064
0.322179
-1.136243
-0.307635
0.933059
-1.264592
-2.328881
-0.508636
1.070855
-0.379540
-0.653711
-1.161516
1.427744
0.881016
-0.085399
-0.435554
-0.308699
-0.154480
-1.108255
-1.216527
1.280201
-1.273604
1.111614
0.215426
-0.577281
1.080809
2.180694
0.467622
2.078226
0.278134
-0.292179
-0.813551
-0.559640
-0.783053
0.184288
0.137029
0.393630
0.437442
1.906442
1.812989
0.029366
1.703946
0.654696
0.042965
0.226793
-0.055510
-0.903803
0.977617
-0.027397
0.892418
0.044696
-0.405800
-1.067305
0.051772
0.314290
1.199991
-0.197532
-0.668971
-0.794591
-0.058369
0.290494
0.047825
-0.456612
-0.008171
-0.659401
0.475047
-0.193876
2.583075
1.619191
-0.269469
-1.159675
-1.381951
-0.051306
1.171841
0.922308
-0.527286
1.281751
0.676057
-0.688117
0.629748
0.882045
-0.534205
0.690890
1.231519
-0.367185
-0.238743
-1.135209
-0.322771
0.833301
0.918250
-0.030450
-0.318540
0.141829
-0.863296
-0.815461
-0.269845
-1.605082
0.366065
0.821341
-1.186448
-1.223834
-2.718062
-2.531826
-4.175811
-3.003012
-1.713152
-2.143008
-1.369224
0.448586
-0.081540
-0.117687
0.065485
1.267333
1.718797
1.080060
-0.147110
1.262001
0.410423
2.134418
1.975320
0.638160
1.613153
0.356823
-0.582799
-1.886658
-0.206262
0.406252
1.492459
2.039984
1.180395
1.480015
2.874798
3.664919
3.224352
4.161887
3.876584
3.720968
2.517861
2.904269
3.408536
4.119661
2.592145
1.989851
1.766713
1.288756
-2.429988
-1.940562
-1.951896
-2.160604
-2.495815
-1.709085
-0.788437
-0.702878
0.848395
0.605680
0.916913
0.456950
-0.888973
-0.433274
-1.600369
-1.583295
-1.600324
0.559855
1.307251
2.980360
2.211699
2.516615
0.667897
0.974130
1.271675
2.980990
2.781689
2.736991
1.193121
1.792530
1.211592
1.889771
2.906339
0.969960
1.488331
2.585665
1.774516
1.343667
0.880709
0.486669
0.607334
1.371506
2.749982
2.011779
1.324528
-0.840934
-2.102962
-1.596776
-2.484029
-0.875978
0.193154
0.721746
0.039970
-1.195376
0.229583
0.666561
-1.842827
-1.013074
-1.074381
0.717159
-1.724681
-1.685723
0.264647
-0.012108
0.908857
-0.267677
-0.085712
-1.572966
-0.645502
-0.122562
0.731263
-1.390853
2.082313
-1.888078
-0.538112
-0.016356
0.824017
-1.205634
1.029918
0.648690
-0.304254
0.130356
1.414138
-0.463479
-0.601574
-2.423575
-0.683342
-1.313367
-0.931958
-1.106712
-0.931574
-0.034995
-0.560815
1.848212
0.053198
0.926786
1.900908
0.733129
0.255613
0.690045
-0.811659
-1.615909
0.913877
0.674245
-0.614714
1.537875
-0.980104
0.858966
-1.592632
-0.765848
0.375780
-0.058762
-3.407884
-1.190458
0.119523
-0.978661
0.104923
0.104820
1.441623
1.166636
0.264776
1.234908
0.398202
-0.886459
-0.441670
-0.026440
1.145482
-2.145883
0.225887
-0.804609
0.955130
0.301551
0.044945
-0.905482
0.358378
0.086953
1.243032
-0.289295
-0.494883
0.443856
2.753044
0.194659
-0.532139
-0.408728
-0.689450
0.081622
-0.700634
0.006078
0.950045
-0.502106
-1.261933
-0.941004
-0.130067
-0.189674
0.935370
0.986623
0.343532
0.843935
2.210818
0.509318
-1.171978
0.345749
1.034649
0.613452
-0.036378
0.582374
0.460668
0.940831
0.830688
0.500735
-0.391168
0.136212
0.054707
-0.872718
-0.701821
-0.269101
-0.410302
0.340136
0.850617
-1.290516
-4.473462
-4.445218
-2.921991
-2.298878
-2.117607
-3.136356
-1.745931
-0.598173
-0.707739
-0.858862
-3.366916
-2.088960
-2.675023
-2.050883
-1.671272
0.040135
1.034907
1.202378
-0.173347
-0.308770
-0.330217
0.482133
0.460372
0.117189
1.608890
0.754764
1.195448
-0.657120
-1.279200
0.889391
1.359736
1.513672
1.498939
0.575661
1.444400
0.873203
0.233985
0.674351
0.495938
0.018677
-0.335331
0.777201
0.221589
-0.492338
0.338240
1.774077
-0.326161
0.631926
0.557579
0.786735
0.597858
1.133684
2.288613
1.622104
0.200820
1.830910
2.263592
2.772210
3.055971
1.132386
-0.553363
-1.436159
-1.161234
-0.875625
0.878203
0.497881
-0.136551
1.277240
-0.063379
-0.189736
-0.218827
0.014076
-1.107755
0.408651
0.095483
0.419609
-1.340270
-0.869566
-0.863607
0.280894
-1.371185
1.672896
0.680268
1.294334
2.033376
-0.573751
-0.410106
0.156016
-0.189921
-0.272960
0.846034
0.617916
-0.358768
-1.035505
-0.668538
-1.393177
0.630477
0.304391
-0.483338
1.719723
1.549369
-0.839700
-0.248213
-1.218456
0.703947
-0.411837
1.132103
-1.814011
0.069170
-0.151633
0.041846
-1.193803
-0.865979
1.453175
-0.073481
0.054425
-1.955508
0.125755
0.989975
1.973188
0.465338
-0.514408
0.821869
0.272781
-0.220662
-0.442003
0.156504
-1.219969
1.183796
-1.570271
-1.206068
0.596566
0.341413
0.144086
0.058877
0.242440
0.525903
1.467516
0.808052
1.352510
1.386889
0.348345
-0.586730
2.047692
-0.429219
0.245405
-1.547661
0.839679
1.401845
-0.497369
0.675141
-0.984566
0.284721
-0.062179
1.214466
1.242941
0.231947
-0.350047
-0.305122
-0.638305
0.765814
-1.108085
0.578905
-0.981597
-1.360475
1.809587
0.946958
-0.560535
-1.835817
1.053806
1.535362
2.303280
1.432557
3.079353
2.327311
2.087053
2.871821
1.026897
2.089696
3.716818
3.304195
2.755758
2.813283
2.418054
2.071077
2.388139
2.637336
2.489759
3.022103
4.103969
3.294896
3.942095
4.552277
3.729252
2.893148
3.406330
1.995009
0.774408
0.310429
-0.168283
-0.355099
1.236941
3.694803
3.870822
2.866447
2.929807
3.142185
2.711498
2.084384
0.653227
0.723212
-0.607692
0.634196
1.481712
1.546686
2.244061
0.289463
-1.418770
-0.585292
1.567343
3.062744
3.230836
3.402224
1.175711
1.718147
2.920947
2.635800
2.654040
1.975102
1.186483
1.907644
0.263952
-1.157930
-1.983784
-2.836742
-3.515075
-1.204850
0.049260
1.037980
0.476181
0.059750
-2.018127
-2.101827
-2.464151
-3.046356
-1.930617
-2.121192
-4.402240
-5.066541
-5.020270
-4.365225
-4.292270
-5.012480
-5.061713
-4.897943
-3.676056
-3.664961
-3.075881
-2.517211
-2.248998
-4.368512
-2.901968
-1.086608
-0.567826
-0.501120
0.307244
1.708128
1.091305
-0.525655
-0.962373
-1.966337
-1.688947
0.542196
0.347511
-0.074960
0.614572
-0.181325
1.659193
0.375677
-0.354752
-0.770922
-1.484085
-0.608585
-0.425029
0.624126
1.773949
0.501957
-0.944438
0.032632
-0.216725
-0.979304
-0.895925
0.943179
-0.624515
-0.967067
-0.821672
-0.316632
-1.100884
-0.898176
-0.553404
-0.649343
0.416993
-0.429928
0.995332
2.860278
2.088677
-0.306382
0.553592
-0.118291
-1.075819
0.594265
0.175876
0.165357
1.906489
0.748512
0.787047
0.279999
0.578058
0.749436
0.341520
-0.056419
1.523470
1.102484
0.830652
-0.072654
1.340397
-0.199953
-0.577389
-0.938950
-1.811039
-1.795629
-0.545027
-0.878219
0.752290
-1.101224
0.364586
1.349263
-0.720880
1.851157
0.368905
0.838952
-2.650257
-1.500889
-0.596845
-0.170799
1.829133
0.116108
0.862583
0.751667
0.080995
0.333495
-0.575137
0.504111
-2.445898
-0.965925
-0.223315
2.215338
-0.500612
1.596221
1.074824
-0.197468
0.066568
-0.468752
0.899752
2.259210
1.086315
-0.760128
-0.484884
-1.340400
0.125133
2.787165
-1.396938
-1.088083
-0.824342
-1.578621
-2.056831
-1.982937
-0.205581
0.235747
0.233640
1.152705
3.102739
1.329594
0.385810
1.335524
4.047849
2.743411
1.878777
3.059280
2.160009
1.685376
0.576497
-0.031371
-0.978217
-1.573583
-1.612024
-2.716211
-2.475723
-2.003432
-0.205440
-0.040466
0.062248
0.215471
-0.834774
-1.392007
-2.722577
-3.401538
-3.298280
-1.325869
-0.708051
0.202984
-0.918039
0.964493
0.327849
1.347102
1.854711
1.078346
2.634368
1.681398
1.393862
0.764321
0.139737
0.289018
1.023808
0.836852
1.568709
2.478672
4.368726
4.284571
3.916890
4.119251
4.513914
5.260131
3.556848
2.092959
2.277290
3.190047
3.505195
2.430411
2.622799
2.359992
2.769277
2.437636
2.858331
1.884433
2.316428
0.294782
-1.631906
0.587693
-0.582404
1.027611
0.025372
-0.579670
1.782744
0.706641
1.230868
1.049222
0.835581
0.327702
-1.118479
-2.351328
0.136298
-0.574092
0.518482
1.052188
-0.403003
-0.535866
0.489917
0.114092
-0.235452
-0.147015
-0.034768
1.205260
2.380064
0.877662
-0.788270
0.729806
-0.842037
0.441092
1.389871
0.257374
-0.211822
1.423235
0.050819
2.261184
0.656500
0.755859
-0.041148
-0.225606
-0.840654
-0.590792
-2.081849
-0.906004
-0.072772
-1.248436
-0.088863
0.652820
1.420818
-0.438511
-0.377733
0.717092
-0.475756
1.654488
0.437238
0.910690
-0.717368
0.854872
-0.363162
1.472849
-1.547177
-1.320597
0.000566
-0.414670
-0.571478
0.426657
0.508162
-0.496617
0.750823
0.145015
-0.458266
0.035547
0.256404
-1.219595
0.313797
-1.440065
-0.427625
-1.065530
-0.122970
1.865745
0.166752
0.373404
0.707104
-0.665163
-1.646965
0.042470
1.155572
-0.740838
-0.104363
0.862428
-1.301424
-0.568455
0.047157
-0.833433
2.039023
2.423601
2.555259
-0.002971
-0.007696
-1.073894
0.410041
0.515681
-0.542450
2.038761
-0.371143
0.586400
1.353538
-1.174759
-1.028193
-0.074624
0.639510
1.209759
-0.076505
-2.355653
-0.273488
0.227907
-0.709080
1.428872
1.436863
3.108495
2.495870
1.670962
2.310742
1.139965
-0.323006
-0.252942
-1.249983
0.132843
1.032876
1.725643
0.436248
-1.055587
-1.781369
-3.193627
-4.048974
-2.767444
-3.981723
-2.648253
-3.335694
-4.084134
-3.844227
-2.649318
-3.663014
-2.740439
-1.684178
-3.632902
-2.518691
-1.013064
-1.591738
-0.888566
-1.553007
0.149866
-0.467139
-0.097814
-0.365631
1.169015
-0.002548
-1.608996
0.127159
0.255981
-0.917007
-0.445564
1.862343
1.311892
1.314559
0.519392
0.787660
1.505021
2.097274
2.300499
1.125296
1.462008
0.834540
2.841016
3.396682
2.311296
1.572441
1.687259
-0.523388
-0.121716
-0.636179
-0.540538
-1.932127
-1.540847
-1.218024
-1.008648
-0.253914
-0.426433
-1.146108
0.170058
-0.767963
0.578316
0.750853
-0.105014
-0.712072
-0.880794
-1.601770
-0.238735
-1.485397
-0.439450
-1.494792
-1.547046
-0.793543
-1.581859
-1.721968
-1.174264
-1.549370
-0.678166
-1.474288
-2.426420
-1.475194
-1.248430
-0.894435
-1.952245
-1.131397
-1.788358
-1.685134
-3.116921
0.988885
-0.985048
0.239367
-0.096451
0.464555
0.919511
0.632845
1.063170
-0.167837
-1.492156
1.581218
-0.759841
-1.205694
0.536503
0.726465
-0.192850
-0.892833
0.915469
-1.546652
-0.687257
-0.729783
0.104779
-0.657600
-1.731220
-0.502247
-1.267481
0.870226
0.056456
-0.601125
-0.253378
-1.852066
1.263798
0.962166
-0.585505
1.296753
0.275976
-0.824067
1.165874
0.405287
0.231266
2.195509
-0.398713
-0.591277
-1.049182
-0.098822
0.293787
0.085915
1.272592
1.141654
-0.169201
0.803632
-0.176568
0.904859
0.287607
0.423730
-0.374270
1.644550
-0.713200
-0.704603
3.089796
2.200497
2.368160
1.201518
0.886712
-0.834971
0.931087
0.219612
2.367153
-0.625797
-1.675863
0.610749
0.747274
-0.541872
0.375340
-1.231424
0.210954
0.874700
0.435324
0.867303
0.106242
1.247482
0.992829
-0.292652
0.964941
-1.043263
0.234905
1.313009
0.293635
-0.051109
-0.465570
-0.479966
-0.383238
0.594808
0.725371
1.529931
0.592388
-0.623838
-0.540103
-0.950584
-0.201454
0.012817
-0.645479
-1.400328
-0.783487
-2.796186
-2.079223
-1.727784
-3.588431
-2.008664
-2.917412
-3.261187
-4.925058
-5.973208
-6.454527
-6.876607
-6.757134
-6.711883
-6.299869
-4.181121
-2.374845
-3.221933
-2.359364
-2.143649
-0.286042
-1.646639
-0.250782
-0.284366
-0.436904
-1.188558
-1.154864
-0.143293
-0.662790
-1.435123
-1.523368
-1.113237
-1.817924
-1.486329
-2.785864
-0.982453
-1.306112
0.042270
0.971596
1.717064
1.469817
3.127539
2.919301
2.608417
2.054936
2.549212
3.093723
2.790693
2.042783
1.415929
2.517721
1.267639
2.128881
3.905270
2.842655
2.801739
1.960485
2.445349
2.559472
2.600930
3.427370
3.554816
2.489155
2.462015
2.126368
1.729486
1.475117
0.118471
0.251618
0.804143
0.283312
0.294300
0.610727
1.698025
0.846581
-0.639317
-2.086953
0.052929
-0.954600
-1.046048
-2.195392
-1.069698
-0.860014
0.261401
1.585390
1.545965
3.920958
2.805396
2.330228
2.068994
1.997104
0.297001
0.920288
1.309374
2.064269
0.659943
0.667600
-1.765464
-0.114202
-0.529929
1.303791
1.134836
0.889410
0.431582
-0.906120
-0.255824
1.747253
-0.002121
-0.182144
0.413122
-0.068910
0.624064
1.653547
-1.188953
0.178651
0.271313
0.749903
0.574291
-1.062933
-0.664040
0.483768
0.280585
-2.172301
0.657554
0.962937
0.613079
-0.101362
-0.060612
-0.253145
1.040980
-0.418803
-0.477635
0.403490
0.877521
1.348731
0.870768
-0.057020
-0.506417
-2.811063
0.955430
-0.010315
0.545176
-0.762039
-0.638831
-0.321544
0.338357
1.952956
0.870746
0.583852
0.634341
-0.285720
0.154097
-0.326641
-0.922852
-0.762767
-0.114928
0.152260
-0.025660
0.672888
0.497171
1.620871
1.049357
0.229844
0.112716
0.451735
-0.858495
-1.096270
-0.754507
-1.314401
0.122005
-0.139564
-0.093569
1.765087
0.823395
0.635298
0.497383
0.133749
0.441666
1.912413
-0.475566
0.699160
-1.233792
0.773780
0.052408
0.327740
0.833859
0.052232
-0.272926
0.706153
-0.054673
-0.536652
-0.595119
-1.208358
0.153087
0.248272
0.890456
-0.517504
-0.497793
-1.136328
-0.795506
-2.074271
-2.514175
-2.358494
-2.574067
-3.147235
-3.020633
-2.098130
-0.929533
-0.697382
-0.851617
-0.868372
-1.319923
-1.344158
-1.087123
-0.594355
-1.769428
-3.034920
-3.977975
-4.159047
-2.968447
-1.754249
-3.272466
-2.195529
-2.156860
-2.095780
-1.959886
-2.735666
-1.753913
-2.128121
-0.414308
-0.113092
-1.617770
-0.917022
-1.333530
-1.426908
0.171795
0.071078
-1.276373
-1.969299
-2.135152
-2.647703
-1.785337
-1.465143
-0.168117
-0.324612
-1.857238
-0.581118
-0.922802
-1.807129
-1.495357
-1.427500
-1.203552
-1.146182
-1.423335
-0.445303
-0.518136
-0.020103
-0.137295
-1.036621
-0.710458
-0.446586
1.849949
2.351453
2.027135
0.299996
2.012834
1.469511
1.020330
-0.149604
-0.392752
0.614912
0.443512
1.528053
0.270539
0.874396
-0.841150
-0.026249
0.485717
-0.462989
0.558130
1.653112
1.732306
1.511597
2.839799
0.588641
-0.674436
-1.211094
-1.061988
-1.258304
-1.436832
-1.168239
-1.690104
-1.719038
-2.962060
-4.636323
-2.173118
-2.407975
0.321971
1.308821
0.774165
1.334500
1.975726
-0.562471
-0.595226
-0.107605
1.685283
0.604929
0.384766
0.033365
-0.843608
0.494201
0.490078
-1.073877
-0.914394
0.531433
-0.375986
1.554721
-1.317537
-0.424478
0.542292
2.012797
0.544794
0.942501
0.260310
-0.275597
0.433445
0.358932
-1.064470
0.784550
0.171842
-0.944259
0.850029
1.452209
1.258146
-1.721106
0.019843
-0.455394
-0.187507
-0.716685
-1.215181
0.989948
0.320793
-0.404298
-0.724141
-1.104769
-0.023702
0.113187
-0.730684
0.417649
-0.781192
-0.912360
1.639430
1.023936
-1.573197
-0.622519
-0.504050
-0.772350
0.158894
0.182415
1.087163
-1.895531
-1.767948
0.591026
-1.585736
-0.017193
0.325365
-0.743152
0.751934
0.521829
-0.841034
-0.608424
-0.292616
-1.600643
1.000039
0.103441
-1.201479
1.317463
0.850540
-1.075151
0.527639
-0.001576
-0.003903
-0.063166
0.492446
1.091957
0.666770
0.500013
0.703990
-0.018626
0.214926
0.656183
1.598766
-0.680526
-0.670281
-0.463960
-0.413818
1.807253
1.051988
1.997990
1.740651
0.308164
1.400050
1.255460
1.998318
3.281592
3.091682
3.032093
3.726003
3.220485
3.569591
3.067414
2.722045
2.434663
1.569211
0.629773
2.310743
3.509607
3.215061
3.123897
2.983527
0.453900
0.768479
0.504337
1.259950
1.385492
-1.356547
-0.782365
-0.095969
-0.656605
-0.873838
-0.575493
0.925366
1.538891
1.144501
1.527276
2.154630
3.900035
1.151511
2.203806
0.865581
2.531061
1.546374
1.792947
-1.161111
-0.384726
-0.838426
-2.119016
-1.335008
-0.908051
-1.236183
-0.660395
-0.750955
-0.544876
0.268466
0.037964
1.962140
2.002717
3.208127
1.173372
1.097797
1.876247
0.665480
-1.521764
-2.100077
-1.127077
-2.649721
-3.479091
-2.358164
-3.211187
-2.126126
-2.302586
-1.593455
-3.329391
-3.202056
-2.984664
-1.357841
-1.636567
-1.413602
-0.885634
-1.075721
-0.735380
-1.232706
-0.326750
-0.700508
-1.364177
0.140350
-0.854873
-3.025437
-2.422971
-2.582383
-2.209220
-1.229433
-1.929444
-3.173154
-2.239801
-3.290075
-2.247985
-1.338302
0.046331
-0.909222
-0.098273
-0.356473
-1.673488
2.235224
1.862536
1.185105
-1.406494
-0.308875
-1.498892
-0.041994
-1.631927
-0.269520
1.094307
-2.664310
-0.020167
-0.859355
0.577101
-0.909123
-0.020098
1.567875
-2.030894
-1.408147
-0.101072
-0.284477
-1.665759
-0.272636
0.429291
-0.402377
0.861061
-2.502984
0.126238
-0.789496
0.588211
0.569457
0.383128
0.297562
0.369318
-0.204939
0.069302
-1.135065
-0.860207
-0.888234
0.228198
0.155457
1.399401
-0.399237
0.124248
-0.202199
-0.968081
0.122744
-0.377472
-1.807189
0.123562
1.124014
0.678850
1.165373
-0.756088
0.056803
0.326944
-0.183228
-1.001014
0.136623
-0.758382
-0.350659
0.006894
-0.849006
-0.560492
-1.019144
1.154239
1.001377
0.542472
-0.928881
-0.635841
1.441275
0.532774
-0.954209
-1.045793
0.619661
0.198930
-0.752888
-1.817281
-0.285932
1.710717
0.599563
1.609437
-0.418136
0.089083
1.612703
0.985669
0.276738
-0.004664
-1.239941
0.362245
-0.030730
0.566708
0.948717
0.455851
-0.429728
-0.655679
-3.103465
-3.676401
-3.613032
-2.485394
-2.202756
-2.678614
-4.176096
-4.395687
-4.498038
-3.249897
-2.192937
-1.874631
-0.284316
0.720741
-0.444403
0.130103
-0.383726
0.778446
0.844754
0.043333
-0.426280
0.062473
0.401258
0.083130
0.051703
1.182890
1.601385
1.584819
0.465990
2.185160
2.131945
3.137523
2.871173
1.801969
0.125056
1.558943
-0.321434
1.211597
0.425521
-0.845823
-0.491446
-1.296281
0.753011
0.247393
0.611443
2.239367
1.647692
1.332723
3.223505
3.124076
2.451903
1.856571
1.009452
2.447558
3.964481
3.318566
2.726262
1.769056
0.836832
1.533121
2.544981
3.873376
2.628538
3.419398
2.796889
0.689490
1.311995
2.048530
3.343885
2.944939
2.234422
2.347943
2.257510
0.832391
1.110149
-0.963727
-2.588539
-2.438393
-2.322998
-0.549599
-1.550379
-0.457617
-0.091692
1.126455
1.367413
3.118173
2.897776
2.568837
0.253816
-0.599135
-1.402331
-1.286531
-3.970091
-2.967648
-1.213251
-0.472804
-0.182681
2.440360
-0.188941
-0.869886
-0.862587
0.637221
-1.182688
-1.223550
0.177233
-1.842349
0.891209
1.021932
0.195336
-1.089476
-0.059960
-0.070142
-1.142115
0.445210
1.137694
-0.728995
-0.465068
-0.842230
-0.362592
-0.705363
0.736939
0.590471
0.672588
-0.439844
0.109859
1.281067
1.213519
-0.415926
0.427700
1.798709
-0.564466
-0.337167
1.220131
-1.191254
0.679263
-0.670708
0.831540
0.191449
0.724871
-1.348513
-1.238635
-0.267798
0.972282
1.287455
1.564249
-0.967206
-0.376740
-3.102322
-0.494215
-0.779356
0.351611
-1.383723
0.572614
-0.845396
1.075268
-1.451571
-1.255167
1.188863
-0.478894
-1.831272
-1.772577
-1.017047
1.415222
0.209494
0.852928
-0.758943
-0.450748
0.285455
-0.596171
-0.022425
-1.174929
-1.482796
0.200305
-1.480427
-0.685129
0.347460
1.355865
1.032825
-1.347170
0.561107
-0.127250
2.135268
0.519092
-1.238855
1.707108
-0.064896
0.330525
-1.580952
-0.743938
-0.210041
-1.128911
-1.206828
-0.078546
1.313078
-0.255721
0.303837
-1.300460
0.834602
0.510528
0.605522
3.011936
2.369210
0.913649
-2.104405
-3.649915
-3.069022
-3.577536
-1.962247
-1.157704
-0.722904
0.517699
0.745944
-0.771937
-1.415203
-1.261380
1.292020
0.128396
-0.411491
-2.344580
-2.568729
-1.141751
-1.453589
-0.710644
-0.636744
-0.189860
-0.103684
-0.753403
-0.930400
-0.249632
-0.710077
-1.986549
-0.344083
-0.344119
0.972937
1.387624
0.413863
0.478023
0.925933
0.700188
3.238556
2.959309
2.392189
2.572239
3.197315
3.368778
4.270570
4.692473
3.463441
3.420878
4.647408
3.306436
3.715678
2.068175
0.062746
1.001358
1.630565
2.666090
2.122455
1.212282
-0.772688
0.102927
1.508063
3.004558
2.943915
1.240965
0.649131
-0.232600
-0.360838
0.545016
1.861596
1.119721
1.745219
-1.783162
-1.308746
-0.271894
-0.651269
0.230653
-0.637436
-0.007691
0.465514
-0.932036
1.183951
0.629042
0.534979
-0.214984
-0.447631
-1.020717
-2.389889
-1.185045
-0.751215
0.523112
1.206095
1.243901
2.686437
3.088826
2.659510
-1.084655
2.301392
0.871903
-0.277588
0.419177
-0.790067
0.195233
1.619291
-0.081049
0.073111
-0.319602
1.069206
0.234619
-0.362084
-1.809673
-1.399341
0.078855
0.271699
0.265965
0.500499
1.678760
-0.093821
-1.532183
-0.705627
1.806371
-0.705602
-0.234561
0.617070
-0.372773
-0.919371
-0.871423
0.453239
0.263114
-1.329217
0.811818
0.263846
-1.347563
-0.110864
-1.798715
-1.146635
-0.341673
0.854096
2.256780
0.991900
-1.323394
-0.505247
-1.261065
-0.406575
-0.623870
-0.791654
-0.429449
-0.986912
-0.899983
-1.277301
0.759736
-0.461529
1.550489
0.930213
-0.400728
-0.276506
-0.216419
-1.115089
-1.655963
0.510046
0.462494
0.103828
0.439639
0.338208
-0.782721
-0.692085
-1.736540
-0.891862
2.035701
0.371097
1.645652
-0.620093
0.688992
-0.461926
-1.755710
0.292182
0.042988
1.384522
1.036193
-0.160806
-1.717286
-2.171044
-0.601204
-0.529938
0.079358
0.529538
3.003945
0.979886
0.834681
-1.479209
0.481472
0.210809
-0.066774
-0.332847
-0.030096
0.650529
1.594524
1.977192
1.651100
2.891785
0.493912
0.617093
1.783922
1.846425
1.693100
0.117028
0.996361
1.146430
1.796123
-0.177809
-0.373413
1.145550
1.389790
1.069413
-1.028674
-1.177963
-1.525171
-1.495925
-0.208100
-1.452335
-0.929639
-2.180692
-0.032957
-0.403292
-0.345994
-0.011132
-1.526181
-0.340053
-0.436975
-0.750609
-1.208405
-0.232439
0.950265
0.254952
0.560110
0.592178
-0.066142
-0.295003
-0.458692
-0.893007
-1.278819
-0.182095
1.656540
0.757401
-2.631890
-0.630408
-1.014628
-2.285033
-2.094956
-2.475281
-2.307035
-1.326853
-0.856824
-0.902829
-0.552223
0.160772
1.352721
0.722013
0.020271
0.157875
0.318862
0.170597
2.333526
1.494891
0.209899
-0.769695
1.375277
1.225207
0.481922
-0.645966
-3.011897
-3.134846
-3.096263
-3.707229
-3.083667
-4.189657
-3.494795
-1.511251
-0.371406
0.821289
-0.481988
1.658955
0.005169
2.361732
2.301610
1.821810
1.937942
2.680741
-0.070940
-0.091082
0.579884
0.971803
0.856795
-1.630526
-0.169917
1.436743
0.286937
-0.513807
-0.828250
0.041168
2.185402
-0.362080
0.135550
-0.349840
-0.494303
0.374873
0.511772
-0.134734
-0.271363
-1.122838
0.485526
0.464232
0.139185
0.027876
-0.726710
-0.276999
1.552852
-0.694267
-1.413045
-1.421220
0.278004
0.163632
-0.403348
-0.288233
-0.121987
-1.395508
-0.881498
-1.646347
0.404404
-0.656816
-0.287706
1.243381
-0.731763
-1.777969
1.261742
-1.392025
1.392819
-0.089587
-1.421002
-0.244015
0.095242
1.729717
1.227840
-1.415873
-1.664340
-0.283344
1.011245
-1.108922
-0.402063
0.240338
-0.234580
-2.461913
-0.347895
-0.438427
-0.717324
0.382281
-1.666845
-1.044631
0.325010
0.042013
1.700941
1.879523
-0.469150
0.076754
0.575948
-0.726150
-0.790537
2.975937
0.417285
-0.328689
0.186416
1.032049
-0.463720
-0.677535
-0.908832
1.509218
-0.037085
-1.465311
-0.752531
-0.682879
0.006133
-0.355375
0.498773
-0.241027
-1.341328
-1.203565
-0.091433
-0.509361
0.015668
0.473444
0.382418
1.039949
0.521818
1.662150
2.399401
2.483425
2.179698
-0.520695
2.431292
2.078922
2.701953
2.482310
2.807613
3.617958
3.174674
4.385401
3.866072
3.156798
3.318159
1.721090
1.610056
1.202596
-0.336027
-0.837920
-1.177064
0.614366
-0.452923
0.330108
0.318909
1.650898
0.932969
1.342500
1.928807
0.299088
-0.810138
0.106392
-0.208129
1.361492
0.135802
-0.979689
-1.223708
-1.539736
-2.602570
-1.961612
-0.627584
-1.416988
-1.871511
-2.272313
-2.976090
-1.468489
-1.508706
-0.802844
-2.352614
-1.036502
-1.297472
0.955462
3.996182
2.843833
3.639447
3.494466
3.203765
3.574505
2.097022
2.335086
0.951019
1.337765
0.643646
-0.232779
-2.075694
-1.727323
-1.102149
-2.254092
-3.272042
-1.803603
-2.039348
-1.569711
-1.849741
-2.543189
-0.220462
1.337852
0.820766
-0.302675
-0.384959
1.260884
1.764876
2.968171
4.258973
4.939524
5.105736
3.946351
3.709992
2.470389
1.953019
0.542077
-1.437388
0.489158
-0.421117
-0.466124
-0.385200
-1.636980
1.898132
0.455775
2.553467
1.146234
-0.571536
-0.936402
0.567271
2.000163
0.001681
-1.111341
1.007867
1.256949
0.076072
-1.543245
0.144807
-0.437175
1.175418
-0.278227
-0.956826
0.440981
0.543398
-0.941156
-0.392453
-0.843241
0.434989
-2.012286
-0.710945
0.207868
-0.921527
-0.855397
-0.560145
-0.006784
2.170566
-0.841276
1.385003
-0.143353
-1.190639
0.931696
-0.377154
1.352491
0.072229
-0.119295
-0.946916
-0.409906
0.318039
-0.785421
0.728594
1.612774
-1.371177
-2.076956
-1.139492
0.303047
-1.294934
-0.096764
0.812419
1.254262
-2.195873
0.293474
0.810802
1.606337
-0.958081
-1.298693
1.024614
-0.431132
0.739860
0.037594
-0.356562
-1.379821
-0.254859
-1.574497
1.542575
-0.199809
0.538946
1.164929
1.421625
1.782019
-1.012315
-0.754032
-1.127369
0.091338
-0.866124
-0.742559
0.459270
0.099693
1.403425
0.344923
-0.379059
0.850267
-2.141416
-1.215460
-0.679992
-1.785442
0.752036
0.196939
-1.173335
1.445404
1.074129
-0.339902
-0.693317
-0.614996
0.792164
1.940290
3.125284
1.196563
0.525418
0.878747
0.573436
-1.026932
-0.137568
-0.199957
-1.813314
-1.351200
-2.096367
-1.725599
-2.533049
-2.833303
-1.165586
-1.306229
-0.971364
-0.231739
-0.121409
0.253103
0.227363
-0.315227
0.765242
0.395115
-1.087038
-1.533774
-1.167764
-0.274952
0.291779
-2.349465
-4.238987
-4.062004
-5.192053
-3.489281
-2.063458
-2.478084
-2.878535
-2.245132
-0.254715
-0.732511
1.651188
2.141733
2.967784
1.306438
0.990874
2.476333
1.685480
0.282677
-1.819836
-1.321065
-2.775076
-1.443165
-2.197958
-2.036203
-1.496696
-1.658788
-2.495599
-0.446823
-0.135757
-1.925678
-2.370185
-2.558986
-1.625861
-1.001271
-1.887661
-0.542310
-0.842853
-0.503200
0.750336
1.683556
0.297739
0.737169
2.040234
0.506164
0.556490
-0.091147
0.901580
0.402634
-0.002155
2.735606
3.923445
5.939617
5.481332
4.987464
5.333643
3.254558
2.633394
1.277418
2.126381
3.049912
0.410737
-0.082617
0.286205
1.376451
2.009906
3.481047
1.207107
0.782994
1.135695
-2.044920
-0.790968
-1.799686
-1.790551
1.392259
0.971196
0.777303
-0.869945
-0.490164
1.094560
0.591219
-0.464076
2.235469
-1.923360
1.930695
-1.049255
-0.395341
1.356726
-1.183901
-1.218544
-1.633120
0.638190
1.497626
-1.420846
-1.721602
1.540888
-0.330303
-0.324564
-0.592945
-1.134398
-0.853174
0.510914
1.460811
0.445003
-0.865671
-0.276804
0.806059
-0.716422
0.249187
0.290172
-0.640860
-1.131272
-0.904831
-0.795878
0.013648
1.018183
0.223994
0.431082
1.109694
0.051535
-1.641655
1.058196
-0.288835
-0.411731
-1.234350
1.296461
-0.244608
-0.811060
2.163338
0.497622
-1.779275
0.446320
-1.626857
0.454803
1.302601
1.642251
-1.563977
-0.836906
0.654515
-1.305677
-0.333714
0.128907
-1.270172
-0.890803
1.037967
1.444625
1.005423
-0.611913
-0.198739
-0.618772
0.453934
0.053359
0.556712
-1.341317
-0.413545
-0.449612
-0.553917
0.187453
0.778324
-1.405621
1.557779
2.376461
-0.276274
0.724280
1.439268
