0.000000
1.526001
-0.493380
-0.758804
0.067953
-0.133799
0.052978
2.935575
-0.781956
-0.139884
-1.440224
0.423383
0.502382
1.614032
0.633402
-0.832084
2.403094
-1.086459
1.111635
-0.594466
-0.650787
0.268502
-1.245812
1.955939
-0.507468
-0.180050
-0.465978
1.724799
-0.334402
0.568996
-1.539650
-1.014827
0.024306
0.856184
1.546481
2.197521
-0.149195
0.153789
0.089986
0.070945
0.792363
-0.236977
-0.559020
0.029863
0.273408
-0.858826
1.104398
-1.617437
-1.000165
-1.878984
-0.598322
0.650881
0.574734
0.493531
-0.844006
-0.709507
0.815273
-0.017856
0.548795
0.410820
-0.176019
-0.783996
0.551662
1.221234
-1.750265
1.630560
0.016324
-1.361988
-1.399384
-0.874843
-0.836500
2.117894
-1.829226
-1.066004
-0.167529
0.881693
-0.937630
-1.938132
-1.154654
-0.372798
-1.439693
0.932096
0.538134
0.562407
1.004207
-1.113167
-0.320678
0.017368
0.205877
0.241027
-2.157095
-0.247629
-0.706099
1.137047
1.622919
-0.228897
0.453832
-0.090662
0.772794
-2.791709
1.881260
1.470401
3.276191
4.070358
2.623829
3.297780
2.500272
2.610219
2.104231
2.897998
1.998735
1.140059
-1.066300
-2.378193
-2.556499
-1.079312
-1.997273
-2.514902
-2.579040
-1.809883
-0.967236
-2.375945
-1.993970
-2.703600
-2.143197
-2.344301
-1.546138
-1.701773
-1.492991
-1.677085
-2.640471
-3.544038
-2.315023
-2.104741
-2.434789
-1.550386
-0.269782
0.172635
0.244144
-1.074349
-0.144842
-1.868221
-5.020419
-5.824629
-5.382482
-4.684677
-6.062198
-5.821543
-5.147388
-5.188903
-5.402105
-3.923051
-5.248039
-4.776542
-3.117438
-2.431737
-1.321140
-0.254753
1.086135
1.815558
2.536551
3.740136
2.064178
0.596170
-0.091314
-1.287109
-0.480921
-0.062143
0.307663
1.675985
1.721683
1.789573
1.633649
2.092543
3.845391
2.591853
3.220067
2.153778
0.808358
0.944486
2.088187
3.213696
3.471429
4.943205
5.029735
5.577121
4.593929
4.132572
3.500952
3.596894
3.426575
3.438952
4.549008
4.842402
5.869375
4.027530
3.838792
3.275075
2.446681
1.609188
2.377097
2.738397
2.700213
3.676337
0.293630
-0.915744
-0.614668
1.419264
0.142093
1.746603
0.074532
-0.516543
1.226554
0.871426
-0.930261
0.783888
-1.454009
-0.452901
1.127138
-0.430872
-0.478411
0.066420
0.390200
0.887426
0.842502
-0.229936
0.186415
-0.168970
1.082418
-0.326677
-0.726071
1.110744
-2.296186
-0.067953
-0.819133
-0.694766
0.119083
0.528849
-0.369561
-0.112126
1.417134
-1.034425
1.437505
0.951017
1.391795
0.864427
-0.060228
-0.803506
1.339019
0.734038
-0.743690
-1.205291
-0.292789
-0.361568
0.194200
-0.330060
-1.601901
0.943084
0.574121
0.383313
0.403706
-2.557841
-0.792481
1.750782
0.303962
0.295985
0.518651
-0.620364
1.533849
-0.427283
0.811153
0.745723
0.746274
1.602904
1.293537
-0.149122
0.539115
0.929443
1.470230
-0.081145
-0.322565
-0.529645
0.131831
-0.631372
-1.771740
-1.025119
-0.738515
-0.460508
1.449823
1.119817
0.483208
-0.307761
-1.194605
1.158361
-0.033232
-0.937934
0.849958
-1.238817
-1.196560
0.374381
-0.867624
1.280429
-1.144314
0.501692
-0.039535
-1.064991
-1.800929
-2.449895
-2.792990
-3.733411
-2.523092
0.133703
-0.607862
-0.057190
-1.333363
-0.977646
-0.359403
1.060823
-0.094217
0.632895
1.808695
-0.132757
0.306857
-1.845463
-2.256570
-1.123920
-2.510084
-2.073340
-1.672312
-2.000683
-0.011667
-1.352009
-1.423062
-1.720200
-1.807919
-1.759143
-2.022332
-0.903142
0.559371
-0.040019
0.773863
1.879882
2.025402
1.071796
2.998758
3.610548
3.672124
2.551486
0.857492
-0.061334
-2.197795
-2.027892
-1.027669
-0.189016
-0.898272
-1.313845
-0.923449
-0.262768
2.234298
2.594723
1.767173
2.179164
0.675816
0.671667
-0.338002
-1.328240
0.061590
-0.007734
1.605576
1.167389
2.764657
1.434039
0.135744
0.780417
1.012950
0.081721
0.366491
0.489074
0.258058
0.595396
0.290237
-0.811410
1.268463
1.293680
-0.037751
-0.284646
0.151432
-0.351636
0.221537
0.896134
-0.565124
-0.070110
-0.856458
-1.264450
-1.373737
-0.243913
0.975784
-0.734679
1.116192
2.606938
0.319079
1.185958
0.410595
-0.083139
-1.380831
0.343507
0.659587
0.216252
-0.642732
1.465815
-0.474332
0.340856
1.982233
-1.393780
0.363478
-0.127096
0.897454
0.220686
-1.343760
0.292212
0.579319
0.485596
-0.324762
1.913104
-0.166032
-0.321229
0.227022
-1.069418
1.389463
0.432506
-0.284891
0.010548
-1.633611
-0.194117
1.151524
1.218617
-0.348155
0.925176
0.946612
-0.145658
1.779785
0.305625
0.074000
-1.609116
-2.906547
-0.488012
-1.535240
-0.317157
-0.524896
-0.536844
-0.435952
-1.355651
-0.088801
-1.231626
-0.358865
-0.255004
-0.058058
-1.064453
-2.198630
-0.535959
-1.971267
-1.251319
0.633691
0.500384
0.199973
0.599232
-0.445393
0.500509
1.120278
-0.159608
-1.957117
0.039385
1.321874
-0.509504
0.351789
-0.116203
-0.445214
-0.185299
-0.611059
-1.863077
1.080433
0.935613
-0.078940
-0.354446
-0.294279
-0.294188
2.352640
-0.422460
0.546703
-0.211496
0.100452
0.785475
0.226217
0.603697
-0.024019
2.360066
1.757559
-1.489418
-1.702000
-1.495192
-0.642023
-0.759294
-0.399798
-0.865556
-0.437971
-0.564003
0.271930
-0.551777
0.924314
1.264166
2.334062
2.678485
3.281413
3.183678
2.092955
2.161568
1.833574
1.355882
1.596569
0.726458
0.059155
0.223798
1.369131
0.462528
-0.150364
-0.963390
0.571234
0.642777
-0.243068
-1.171268
-2.282840
-2.933574
-2.706892
-1.527767
-0.523116
-0.955035
-0.779456
-3.461987
-3.542858
-2.989182
-3.687357
-4.412292
-3.852582
-0.851637
-1.854901
-2.961714
-2.441286
-1.077730
-0.673757
0.004091
-0.313617
-1.099080
-1.554850
-0.636315
-0.019315
0.934184
1.868121
2.539987
4.128531
3.412451
1.942654
1.895844
3.021183
2.353043
3.971178
1.974749
2.097697
0.908896
2.282203
1.103374
0.326845
0.108537
0.321846
-1.067488
-1.137512
-0.089982
0.518242
3.490725
3.795683
4.985061
4.319384
3.322608
2.905745
0.767664
1.570617
1.606797
1.389254
2.633904
1.649288
1.895137
0.515143
-0.827721
-0.804409
-0.248419
-0.919765
0.526034
0.207551
0.653680
1.182201
-0.064286
1.513353
2.277390
-0.441973
1.002858
0.168704
1.197420
-0.345335
0.810288
-1.032040
0.504663
-0.280030
-0.319194
-1.312633
-0.885983
0.964611
0.075380
0.148906
-0.765308
-1.952748
-0.173243
-0.058137
-0.087707
-0.456446
1.650072
-0.510517
-0.591895
-0.334347
-0.010895
-0.433583
1.445461
-0.729764
-0.297409
0.906107
0.221359
-1.612666
-0.173518
-0.063484
-1.003808
-0.312314
-1.966968
-0.498028
-1.184224
-0.499999
0.423724
1.125513
0.298362
-1.040554
-1.259942
0.132902
0.002381
0.795849
0.193988
-0.439677
-0.335086
-1.720253
-0.544772
-0.918635
-2.297031
-1.044082
0.371386
-1.006531
0.557565
-1.097959
-0.716940
-1.162821
0.426678
0.734494
0.452393
-0.422276
-0.206697
0.263087
1.305232
-0.009752
-1.693027
-0.525282
-0.453970
-0.010891
-2.652599
-0.115446
-0.026711
0.021170
-0.384266
-1.665633
0.882868
-0.286647
0.720107
-1.551941
0.374441
0.203846
-1.172495
1.305931
0.409542
0.529819
-0.392650
1.062482
0.733435
-0.486819
-0.514896
0.390930
1.986790
3.247743
2.914027
2.444177
2.838803
2.360588
1.556458
-0.374103
-0.373350
0.760831
0.253889
-0.545896
-1.814914
-0.252149
0.178805
0.829780
0.459769
1.008908
1.589213
-0.093379
-1.246757
-2.900027
-2.446511
-3.140929
-2.762199
-3.182966
-2.916493
-3.205987
-2.637563
-2.032149
-2.032884
-1.331205
-0.962122
-1.003531
-0.786135
-1.997893
-2.979776
-3.359971
-3.873068
-5.153484
-5.291908
-3.349002
-4.719832
-3.868366
-4.117644
-3.930478
-3.883982
-4.372226
-5.741064
-5.801374
-4.758226
-3.948238
-3.953587
-4.049206
-2.725639
-3.386573
-3.744277
-5.127418
-4.406801
-3.725588
-2.630778
-0.657544
-1.344221
-2.484391
-1.471267
-1.514338
-0.674599
-0.764097
-1.538749
-1.770269
-2.484555
-3.051155
-3.660364
-3.462848
-2.497323
-1.205515
0.082366
-0.942147
-1.079859
-0.446529
-0.337740
-0.287106
1.160110
1.074666
0.271110
0.789070
0.873074
0.576365
-0.456527
-1.029588
-0.133807
-1.851938
-1.654003
-0.448106
-2.181873
-0.613169
-2.841400
-4.082645
-4.552265
-3.613684
-0.579042
-0.111434
0.204903
-0.881268
-1.524680
-1.111840
0.501393
0.799236
0.143001
-1.785642
-1.253601
-1.304867
0.816811
-0.371294
0.757075
0.617052
-1.203566
0.033616
0.849414
-2.906918
-0.311943
1.329324
1.272935
0.691009
-0.460798
-1.237984
0.087684
0.971960
0.376441
-0.591109
0.163997
-1.304116
0.945997
0.996848
-0.081664
-0.127015
1.451175
0.157242
-0.659215
-2.517824
2.497903
0.372337
-0.325865
-1.918849
1.368357
0.576008
-0.001347
1.031717
1.308132
-2.062757
0.717763
0.301114
2.225442
0.195731
1.667860
0.726916
-0.081149
-0.049699
-1.450126
1.194277
1.351968
-1.198215
0.398003
0.537208
-0.251779
1.294933
0.957900
0.679411
0.454071
-0.035223
0.374110
-0.779573
-0.131597
-0.791624
-0.673377
-0.742504
0.245065
0.529981
1.209869
-1.259790
0.029027
-0.884541
0.088243
0.044963
0.299790
2.130395
1.016129
-0.685845
0.181532
1.489204
1.728940
-0.344672
-0.720602
-0.523578
-0.046496
2.051274
0.645019
-0.952198
-0.797969
0.544431
1.723416
-0.651158
-2.349840
-1.342295
-1.230213
-1.118913
0.439415
1.064000
0.211937
1.597436
0.262187
-0.322898
-0.582142
-0.233957
-1.698151
-0.874223
-2.419363
-0.797855
-1.295145
-1.853364
-2.858541
-2.051045
-1.101561
-1.490013
-1.524464
-3.515132
-4.467287
-6.082298
-5.728199
-5.187024
-4.708191
-5.022611
-2.740238
-2.383940
0.171762
-1.114400
-2.595540
-3.516621
-2.483367
-2.105647
-2.973379
-2.909201
-3.349521
-2.465928
-1.510687
-1.113342
-1.051478
-0.068740
-2.224449
-1.076498
-1.370867
-2.134805
-1.670801
-2.148331
-1.109539
-1.490868
-2.230165
-2.451888
-1.203795
-0.975416
-2.430569
-0.998933
-1.112191
-0.450415
-2.333356
-2.053852
-2.969591
-2.697297
-1.895653
-0.516342
-1.124560
0.516680
0.858108
1.933836
2.171670
0.097076
-0.723163
-2.366409
-1.940765
-2.048785
-2.528110
-3.419079
-1.718640
-1.998475
-2.784053
-2.129652
-3.003203
-2.430292
-1.601341
-1.957649
-2.396410
-1.423956
-0.443676
-1.051143
-2.204832
-1.271505
-1.170395
-1.150916
-0.537673
-2.269757
0.274364
1.073141
0.754369
0.872449
-0.324865
-0.207284
0.870571
0.835941
0.500729
-1.261190
-1.132505
0.578468
-1.102778
-0.287805
2.564658
-0.755728
0.243965
-1.707840
0.027820
-0.380289
0.793050
-1.669323
0.459129
-0.419850
0.579961
1.750644
0.384336
-0.413806
0.119381
-0.793493
-1.114590
-0.102373
0.639515
0.015832
0.175138
-1.647469
-0.193928
0.030397
-0.270644
1.988875
0.484107
-0.067569
1.059267
-0.604349
1.139852
1.462973
-0.132083
-1.039402
-0.487365
0.203177
-1.284434
-0.126690
0.467796
-0.910806
-1.096532
-1.892731
-0.086958
0.249001
-0.101337
0.795970
2.999794
0.963127
-1.082633
-1.219485
0.774849
0.359798
-0.439711
0.764225
-1.363023
-0.684116
0.830474
0.470575
-0.755863
-0.916039
0.112520
-0.390252
0.233564
-0.556509
0.075456
-0.081206
0.613979
-0.155445
-2.567569
-1.512987
1.793364
0.570844
-0.681305
0.250691
-1.899326
-0.757431
0.097404
0.584773
-0.008292
-1.254819
0.256963
-1.419568
0.744945
-1.374475
-1.564285
-0.867050
-0.211265
-1.225539
-1.304377
0.017847
-0.192113
-0.378491
1.154610
1.605373
0.496906
0.658697
0.470966
-0.765968
1.633064
1.265687
1.911243
1.441759
1.088237
1.466405
0.956390
0.879605
1.000371
1.292433
1.566358
1.907910
2.028182
0.380851
1.088825
0.509660
1.545149
-0.384557
-0.497554
-0.192924
-1.459093
-2.576280
-0.469685
-0.627287
-0.564518
-0.243539
-1.407990
-0.421877
0.907006
1.188096
0.066952
-0.215741
-1.086008
-0.812275
-0.125069
1.664900
3.097089
2.449257
1.064254
1.411748
0.541075
1.553600
1.510619
1.823778
1.090601
-0.353665
0.348819
-0.688147
-2.047859
-1.363211
-2.991153
-2.947764
-1.792820
-2.498137
-3.923897
-3.253539
-2.965662
-3.185235
-3.274093
-3.528092
-2.355386
-3.227009
-3.739910
-3.611173
-2.739110
-1.892842
-1.255398
-0.135555
0.036359
0.554784
0.051524
-0.967490
-1.134146
-0.412533
1.692714
3.376028
2.979892
3.580834
3.184033
3.615576
4.099995
4.212448
2.644759
0.582599
-0.994171
-0.902038
-1.393738
-2.623124
-0.701112
-0.620565
-1.290285
0.619954
-0.404526
-0.494984
0.449630
-0.985193
0.804366
-1.842235
1.639171
0.496055
0.258430
-1.914626
0.432266
0.826638
0.703967
-1.991534
-0.202408
0.159391
-0.348471
-1.333611
-1.669831
-1.473387
-0.461268
0.130606
-1.031510
-1.947862
0.212979
-0.144801
-0.000134
-0.089509
-0.732399
1.157208
0.198419
-0.322309
0.405438
-0.401076
1.129765
1.009879
0.029067
-0.120390
0.438129
0.268532
-0.522476
-1.799112
0.456677
-1.011145
-0.742017
1.086609
0.711270
0.658355
0.564217
0.016101
0.527108
-1.273810
0.656976
0.074548
-1.613514
-0.594830
0.450227
-0.729188
-0.118360
-0.452551
0.507717
-0.137378
1.223551
1.988031
0.334373
0.835534
0.799657
-0.385753
-1.170943
-1.725983
0.655282
-1.147711
-0.154710
-1.032820
-0.845787
-0.308860
-0.899875
-0.038196
0.779735
-0.069472
-0.244496
0.023501
0.556959
-1.931080
-1.562781
-0.823017
0.618013
0.302616
0.079359
1.927708
-0.585158
-0.330676
-1.086144
0.077586
1.438543
1.320592
1.758688
2.478173
1.782089
2.622503
3.607660
3.482156
1.731882
0.319858
1.187563
1.462618
2.693966
3.574597
5.632575
4.487039
4.787403
5.717021
4.254054
4.693369
4.927323
3.998714
3.444737
3.062465
2.442007
0.918720
-0.112749
2.080663
2.585594
0.834299
0.023591
1.094673
0.074270
1.374236
0.322746
1.155588
3.283284
1.728489
1.200852
0.866130
-0.186250
-0.355307
-1.636324
-0.987867
-1.497694
-0.784614
-2.672468
-0.905340
-1.423974
-1.128015
1.342455
2.428826
2.289909
2.704375
2.731466
3.175367
3.575492
2.363298
0.778037
1.473629
2.545291
3.629416
2.312855
3.310479
2.284076
2.518696
0.701817
1.607056
-0.211134
0.931203
2.654796
1.236897
1.584915
2.021600
1.678869
1.184057
3.012980
1.234063
-1.138061
-1.508562
-3.417542
-4.060020
-2.928901
-2.671647
-2.178533
-2.430230
-1.592681
-2.196520
-1.504739
0.477465
1.532459
0.961794
1.769767
-0.138777
-0.547898
-1.560075
0.238252
0.346397
0.286290
-0.125357
1.813692
0.723932
2.221405
0.475170
-0.216339
0.114356
-0.862220
-0.730400
0.322305
-0.652407
-0.932280
0.239602
0.374398
0.916045
0.538701
1.122347
-1.897090
-1.041441
1.924411
-0.313842
0.854617
-0.313109
-0.600877
0.682569
0.955316
-0.606405
-1.400827
0.881215
0.435954
0.603080
-0.829337
-0.874289
2.317337
0.810134
-0.091537
-0.465417
1.206947
0.408447
-0.656792
-2.955941
0.140547
-0.755737
-0.612315
0.485567
0.019741
0.128909
0.542878
0.498043
-1.400253
-1.132900
-0.251579
0.526245
-0.666929
-1.893354
-1.031914
0.171889
0.304348
-1.847306
0.312335
0.172567
-0.671025
1.057136
-0.018389
-1.851377
-0.058731
0.540484
-0.418399
0.209836
1.054559
-0.111896
-0.919906
-0.134482
-0.157650
-2.170734
-0.896934
0.412778
-0.110033
0.657192
1.182739
2.207633
0.659404
0.548006
1.332086
1.031847
-0.897470
-0.055571
0.513513
1.683843
3.096031
3.011360
2.906574
2.270638
3.303616
2.663390
2.658673
3.834844
4.271272
4.145916
2.932216
2.901986
3.981596
3.155177
3.264279
2.464490
3.333758
3.728947
3.327553
2.905204
2.739804
2.017730
1.270417
0.953770
1.431648
2.272858
2.275537
1.830499
2.809698
3.432829
2.235718
2.994232
1.201272
0.686961
1.217027
1.408570
1.218946
1.425116
2.270011
0.481894
-0.088712
-1.600160
-1.099382
0.444240
1.191256
3.030678
1.772967
1.018477
1.682063
0.363068
0.496888
-1.246233
-0.244619
-1.780590
-1.774183
-2.526842
-2.626765
-2.584464
-0.877461
-0.687769
-0.847135
-1.773465
-1.588279
-2.434361
-1.341589
-0.971217
-1.317878
-1.213846
-1.628245
-1.194590
-1.181486
-0.856968
-1.803404
-0.447375
-0.898309
-1.045859
-0.954582
-0.958882
-1.816351
0.040469
-1.570733
-2.286672
-1.534588
-1.429930
-0.459510
-1.080179
-1.218175
-0.103414
0.758193
0.119078
0.014006
0.560487
0.639570
-0.561078
0.729293
1.367041
-0.135924
1.679783
-0.048548
-0.060992
1.680747
0.858943
0.769371
-0.067550
-0.380641
0.261909
-0.037375
0.173376
-0.231862
-0.112135
-0.074324
0.108798
-0.767047
-0.140438
-0.215747
0.979441
-0.757280
2.669170
-0.000988
-1.368739
-2.371813
1.715325
0.097749
-0.808958
-0.218015
0.264509
1.028451
-2.015986
0.282472
-0.764801
-0.347701
-1.079801
-0.008917
0.332987
-1.170142
-1.498499
0.376973
-0.830114
0.310491
0.920841
-1.801568
0.213444
-1.448810
0.329380
-0.231485
1.795337
0.400048
-0.826303
0.040663
1.077578
-0.295219
-0.010941
0.777043
0.709112
-0.519243
-1.020899
-0.528483
0.703013
0.483420
-0.897118
1.019585
0.030313
1.813440
1.736181
0.378591
0.267416
0.575657
0.052561
0.011235
1.756954
-0.872988
-1.707507
0.153464
-0.011804
-0.305167
1.064167
0.098453
1.556262
-0.371121
1.481875
1.802617
0.391482
0.734639
-0.941581
-1.364397
0.717346
-0.727917
1.013556
-0.619784
2.027872
-0.062320
-0.323602
-1.020891
0.409350
-0.765929
-0.339265
0.285848
-1.540588
-1.073379
-1.954216
-2.956030
-2.731643
-4.618574
-4.331894
-3.832754
-5.498616
-4.949308
-3.642480
-3.199262
-2.395996
-1.214374
-2.499210
-2.918047
-2.640342
-3.279510
-3.028863
-2.265063
-3.707095
-2.846795
-3.150345
-3.227377
-2.177643
-2.373905
-2.933204
-3.028421
-3.292028
-2.906858
-1.476354
-2.096189
-3.014377
-3.383740
-2.754382
-3.115972
-3.992687
-3.229910
-2.269115
-0.733684
-0.755876
-1.724515
-2.075753
-3.451368
-3.453541
-2.645944
-2.894815
-2.023646
-3.404032
-4.100920
-3.363774
-2.235457
-1.703852
-2.200548
-0.200409
-0.469632
0.094153
-0.478535
0.288087
-0.106989
0.323512
0.303353
-0.555660
0.403503
-0.212352
-0.619688
-0.351275
0.548786
1.379119
0.956917
2.172395
2.478000
2.429478
0.818150
0.393888
-0.379106
-0.520113
0.448939
-0.793490
-1.917477
-0.094017
0.805766
0.807152
-0.818754
-2.911323
-3.472232
-4.110947
-4.853421
-4.805274
-4.607379
-5.369670
-4.609779
-3.373539
-3.243728
-1.870848
-1.938084
-3.783950
-2.701522
-3.000200
0.941415
1.354604
-0.116673
-0.858563
0.785022
0.025510
0.139551
-1.262122
-2.221391
-2.260297
0.711104
0.498867
0.641411
1.185888
0.569021
0.222379
0.113659
0.902521
0.310570
0.839551
-0.251917
0.171451
0.199160
-1.271928
-1.592204
-0.748358
0.562434
-0.789576
-0.340998
-0.933594
1.696522
1.902458
0.246758
1.661044
-1.172351
0.485030
-0.319476
1.214922
0.386483
0.371621
0.650401
0.205613
1.170837
-0.744440
-1.348475
-0.389217
-0.138807
0.259528
-0.421492
-0.874586
-0.248693
-0.436169
1.653336
1.293916
-0.534526
-0.021023
-0.098357
0.560930
-1.917933
1.737606
-1.215636
0.230457
2.677841
1.098017
2.110627
1.381188
0.047848
1.627430
0.306823
-0.383931
-0.128723
0.928239
0.292583
-0.228858
-0.227338
0.495086
-0.994469
-0.853878
-1.828303
0.740222
0.409499
0.486585
-0.260421
1.394597
-0.997125
0.639517
-0.225491
3.353574
-0.133055
2.231258
-1.296924
-1.314781
0.234569
0.536701
-0.794839
-0.699031
-0.584217
-0.871028
-1.097694
-1.565669
-0.539154
-0.048482
-0.581923
-0.249576
0.940824
1.165390
0.601045
-1.245703
-1.927280
-1.596861
-2.072991
0.513967
1.693714
-0.037310
0.832280
1.108402
-0.725307
-0.912503
-0.754076
-1.103643
-0.482699
-0.393601
0.031215
0.434576
1.358029
0.330286
-0.401892
-1.557676
0.652189
0.835694
0.495645
-1.215507
-1.856014
-2.726417
-3.206756
-2.411625
-1.058616
-0.768582
0.425332
0.639201
0.481548
1.992653
1.714764
1.507289
-0.616895
0.395377
-0.689818
-0.796358
-1.848129
-1.250258
-1.127390
-1.284652
-0.288065
-2.044488
-1.721766
-2.956490
-3.535901
-3.364352
-4.995392
-2.557814
-2.016959
-2.191258
-3.252932
-2.489336
-1.235169
-2.069458
-1.291250
-0.156480
-1.020514
1.031460
0.173700
1.172742
-0.706991
-0.667125
-0.676198
-0.558389
-0.783968
-0.191915
0.066248
-1.258661
0.755082
0.153623
0.611340
-0.121230
-2.327306
-2.503480
-0.774066
-2.503346
-2.994692
-0.484511
-2.075849
-2.481844
-1.415565
0.929671
-0.255296
-0.310425
-0.998417
-0.849896
-1.223470
-2.040689
-0.742077
0.771784
0.790707
-0.660944
-1.480906
-0.539799
0.372335
0.602362
-0.167951
0.643400
1.189443
2.175274
-0.890100
-2.097949
-0.732733
-0.142370
-1.348570
1.488551
1.863590
-0.483888
0.627518
-0.754945
0.281123
1.489002
-1.226174
0.697954
0.018725
-0.914576
-0.596512
-1.407085
0.151904
1.132113
-0.642633
0.665626
0.548979
1.912343
2.062402
1.278506
1.367735
0.207629
1.150423
-0.019228
-1.576382
-0.645875
0.302824
0.708807
-1.065903
-0.796667
-0.005353
-1.211823
1.065076
0.737677
1.121012
1.302540
-0.154046
-0.315284
-0.283989
0.931110
1.318329
-0.722652
1.097523
-0.388836
0.388144
1.121324
-0.239591
0.956414
0.284501
1.087490
-0.296615
-0.483739
-0.813634
0.141801
1.104047
1.209180
0.785522
0.069016
0.741202
1.338294
-0.403336
-0.332523
-0.739893
-0.187270
0.286892
-0.159470
0.986300
-0.939861
0.251741
-1.246311
-1.276223
-0.222447
-1.142449
0.441999
0.783248
0.914359
0.794585
-0.602370
0.853304
0.151454
-0.539991
-1.904003
-1.406566
-0.506240
-1.361149
-0.599427
-0.994548
-1.034978
-2.168351
-2.329253
-1.247028
1.081024
2.037320
1.999876
1.273219
0.027491
-1.288652
-1.831853
-2.202683
-1.791164
-1.245965
-0.465672
0.051212
1.217000
1.767246
1.444435
-0.405484
-2.073919
0.004830
0.498013
2.476677
4.553353
5.912442
3.931848
3.076406
3.130864
2.336061
2.409037
3.980145
4.309833
3.795957
1.155986
-0.068336
0.620755
-0.718362
0.630931
0.453967
-1.325559
-1.828435
-2.324186
-3.064679
-3.995372
-3.885318
-3.073248
-3.218380
-1.255749
-2.218471
-2.551703
-1.061366
-0.024397
-0.984810
-1.584103
0.113913
-0.649939
1.635135
1.548167
0.447644
0.439428
0.055028
-1.204494
-1.557466
-1.402700
-1.876341
-1.687342
-0.551784
-0.128872
-0.157921
-1.500292
-1.098777
-0.811650
0.345593
-0.118189
1.150152
1.931026
3.273962
3.093269
3.219209
1.913223
2.907592
2.297648
2.562697
2.354339
3.078433
2.701459
2.947121
2.444498
2.944472
3.632929
-0.488728
-1.018858
0.614662
-0.473818
0.559742
0.705728
-0.387392
-1.440280
1.825011
-0.024084
-0.079119
-0.299799
0.287658
-0.340444
0.140378
1.065322
1.122447
1.511249
-1.502700
0.374050
-0.443273
-1.065534
0.181308
-0.261374
-1.208951
0.326155
-1.238909
1.412285
-0.995021
0.799481
-0.295725
0.919689
-0.147528
-0.335503
0.230008
1.853175
-0.269437
-0.903570
1.017386
-0.620566
-0.808093
-1.305808
-0.281043
-1.066486
-0.457866
1.434848
-0.565419
-0.372874
0.571709
0.185278
1.275454
-0.545416
1.223627
0.357098
-0.810738
-0.314495
-0.073775
-2.583826
-1.195094
-1.753670
-0.734434
-1.774111
0.368775
0.927099
0.138221
-0.855324
-0.251162
-0.294247
-1.344305
-1.498162
-0.261656
-0.068203
0.737540
-0.125329
0.446007
-0.637236
2.728055
0.711294
0.085013
1.173217
1.325450
-0.422344
-0.231653
-1.699154
-0.351929
1.272478
1.870263
0.237777
0.543964
-1.617729
1.199158
0.353954
2.246522
1.286611
-0.553610
-1.413153
-0.960140
-0.829434
-0.504894
-0.805361
-1.444000
1.371803
0.192660
0.629283
0.330257
-0.727783
2.080538
2.780443
1.667969
2.399577
0.797802
2.536865
1.441183
2.172861
3.069906
1.716189
1.734597
-0.132554
0.603088
-0.168081
1.671550
0.502747
-1.515660
-3.717037
-2.392956
-2.078695
0.375303
1.477945
2.558681
0.793051
1.371603
2.501976
2.702483
4.760649
3.829669
3.681956
4.793680
5.027174
5.686081
4.626818
3.598643
3.776545
4.724202
4.163189
4.093887
3.298629
2.250043
3.088559
1.362487
1.424865
2.465978
2.834393
4.471228
3.120447
3.276996
2.913371
3.329305
2.138776
1.929300
0.977502
1.549661
0.873272
0.389701
1.254684
2.792798
1.841218
0.757149
1.321637
1.191390
-0.223485
-0.470396
0.110484
0.905319
1.386377
-0.142037
-1.279632
-1.635447
-0.420906
-0.997581
0.075011
-0.851626
-1.871802
-1.039010
-0.879969
1.784399
2.647676
3.838067
3.594298
3.924235
3.489647
5.370321
5.433763
4.761996
1.850258
3.169411
1.353394
1.294258
2.869247
2.082540
1.573963
1.244337
2.422698
1.999486
1.237465
1.455055
1.180302
0.723728
0.288312
-0.500428
-0.790709
-0.682429
1.586601
-1.874877
0.249075
1.050511
1.559969
-0.865985
-0.429452
-0.281570
0.339184
-0.730483
0.108060
-1.324509
0.002236
1.074786
-1.322159
-0.372937
-1.045181
-0.108268
0.674684
0.698260
2.655316
-1.256245
-0.627061
-1.333809
-0.127270
1.873496
-0.723769
1.286605
1.260737
-0.253029
-0.692622
1.002749
-0.729701
-0.334766
-0.538912
-0.195694
-0.809566
0.329277
1.327795
-0.171210
1.356280
-0.484110
-0.289746
-0.418843
0.664759
0.636261
-0.535190
-1.021264
1.075719
-1.169355
0.313821
-0.017825
0.115201
0.593370
-0.675845
-0.364789
0.271114
-0.683278
0.113813
0.013559
-1.640767
1.321009
-0.661012
-1.844024
0.072064
-0.552560
-0.635841
-1.426407
1.278191
1.327762
-0.463261
-0.673622
-1.492823
-0.771928
-0.673040
-0.506451
-1.814386
-1.182465
0.603072
0.390160
0.403251
0.326771
0.307856
2.137381
0.611298
0.582430
-0.710163
-1.443542
0.437152
-1.712135
-0.244839
0.163822
-0.053707
0.182599
-0.040612
-0.644611
-1.774965
-1.322981
-0.866559
0.341505
1.616189
0.339116
2.170911
1.808552
1.928002
1.647170
1.833686
3.059103
2.251355
2.334961
2.492610
2.188008
1.803928
1.319787
0.351042
-0.205980
-1.606663
-1.125922
-1.425179
-1.242344
-3.093716
-1.804582
-2.026908
-1.251347
0.721572
0.547451
0.414418
0.209646
-0.099416
-0.720257
-0.777677
-0.858335
-0.666941
-1.171050
-1.739165
-1.848736
-2.251636
-2.675716
-3.507132
-1.933177
-1.110015
-2.266998
-1.675689
-1.280158
-0.555713
-1.091503
-0.963545
0.331293
-1.545790
-1.353405
-2.520500
-2.862403
-2.151203
-1.910931
-2.529881
-1.547674
0.161259
0.124086
1.735031
2.404135
1.382226
1.230382
1.232289
1.182625
2.163308
3.425850
3.970596
5.448823
4.866801
4.821494
4.762794
6.436424
5.552972
4.285415
3.626966
2.067505
4.123558
5.128449
4.333128
4.835036
6.344595
6.092218
5.360729
4.537283
3.323036
3.714491
4.694312
1.412977
2.170740
1.765568
0.346512
1.064139
1.920235
2.918146
2.950332
2.478409
0.288580
-1.958887
-2.253898
-0.827986
0.920357
0.786058
0.140362
0.925336
-0.171803
-0.524899
-0.621656
-0.511959
-0.713482
-0.215111
0.104000
-0.097340
-0.622137
-0.412209
0.405332
-1.542226
-1.556804
1.499376
-0.600978
1.399176
-0.355026
1.110361
-0.803294
-1.528385
-1.597604
0.055385
0.355638
1.481406
-0.829824
0.990547
1.918337
-0.558430
-0.572081
0.026394
0.309821
0.250396
-0.320322
0.926520
-0.080153
-0.790491
-1.525446
-3.287662
-1.521951
-0.117381
-0.975054
-1.626395
-2.552425
-2.123148
-2.582613
0.507599
-0.168111
0.626914
-0.109532
0.339225
0.385023
0.298310
0.295103
0.179600
0.044111
0.838767
1.359552
0.648185
1.493183
1.191497
0.044268
-0.687148
1.285990
2.620408
0.005587
-1.613066
0.123345
1.212416
-0.971732
-0.756234
0.165768
0.627098
2.317250
-0.357572
0.757706
1.048820
0.285227
0.919471
1.463781
0.100269
-1.966287
0.010401
1.050793
0.756799
0.179715
0.563882
-0.536785
-0.223932
0.932902
-0.296274
-1.060106
-1.619212
-1.572394
-2.277624
-2.073847
-0.667130
-0.025678
-0.392290
-0.117529
0.609009
0.485759
1.732224
1.512211
2.498454
1.980050
2.529960
1.867023
1.240636
0.076562
-0.555807
-0.982263
0.804899
0.194315
0.857898
1.422166
-0.270648
1.295079
3.870240
3.593624
4.674784
1.478724
1.891798
1.810945
0.817282
-1.545992
0.150681
0.772802
1.914983
3.064494
4.042355
4.470564
4.302003
4.018145
3.666690
3.814322
3.462363
4.931087
2.632101
3.960491
6.091433
5.938805
5.158875
1.944715
2.700453
3.809754
1.984145
2.578850
3.480790
2.989571
2.082683
1.935833
1.638274
1.631427
0.353930
1.515050
2.100030
2.774317
3.982775
4.643653
2.744153
3.183699
2.442953
2.898278
3.263889
1.482471
0.880363
1.298409
0.587573
2.575811
1.574750
2.089071
0.493298
-1.146476
-3.055552
-2.672025
-1.110021
-2.676918
-3.825034
-4.446309
-4.791693
-3.489392
-2.851201
-3.765970
-3.914185
-6.275485
-5.104865
-4.237543
-0.309601
1.441473
-0.207825
-2.497237
-1.052865
1.167384
-0.666045
0.153826
-0.705770
-0.300957
-1.066974
-0.374691
-0.529027
1.079105
0.783095
0.469334
-0.096211
-1.378295
0.276939
-0.749353
-0.150778
1.187288
-1.765510
0.580779
-1.240535
0.415986
-0.246863
-1.334081
-0.779549
-0.888952
0.052376
1.576016
-1.959774
-1.447071
0.950598
0.409764
1.791036
1.682590
0.608735
-1.394558
0.257816
0.275356
-0.205409
-1.903823
-0.600362
0.687137
1.149321
-0.486725
0.541638
-0.879047
-2.321572
-0.128264
-1.490743
-0.221408
0.238290
1.026406
-0.086875
0.707619
-0.190202
0.574110
0.458173
0.824700
0.056103
-0.234772
1.009741
0.388933
0.275493
-0.819359
-1.277761
-0.723290
-1.277020
-0.125738
0.113370
2.484851
1.153666
-0.211398
0.448798
0.970791
2.133296
0.271442
-0.742631
0.407572
-0.991566
-1.322646
-0.764495
-1.567430
-0.106832
0.596094
1.415491
-0.302353
-0.698145
0.487460
-0.814094
1.273988
0.522343
-2.472602
0.031819
-0.967877
-0.004985
0.963805
0.307488
-0.332800
0.072361
-0.075672
-0.175707
-2.013957
-1.024596
-1.322499
-1.311128
-2.488422
-0.652997
0.353423
1.972639
3.261901
2.014337
0.437556
-0.003144
1.247414
2.147317
1.678265
2.127372
3.303345
4.024604
1.271482
0.091050
-1.300435
-0.939624
-0.750102
-1.155229
-1.636365
-0.595757
-1.410856
-0.748190
-0.108402
-0.246071
-2.140040
-2.095732
-2.275890
-0.887755
0.336978
0.533469
-0.244931
-0.235757
-0.903106
-1.876734
-2.812297
-2.726181
-1.495961
-1.257379
-1.974397
-1.356494
-1.698170
-2.216362
-1.220490
-0.959927
0.023657
0.819838
0.549080
0.714713
1.433008
2.214654
2.749594
2.791023
4.700208
4.229152
3.099942
0.945877
0.641687
0.796959
1.151579
0.476080
-0.353962
-0.556607
-0.868282
0.093475
1.414282
0.235289
-1.049610
-1.778983
0.588566
1.970012
0.054225
0.613651
0.181562
-2.477568
-1.849571
-1.627868
-1.560902
-0.463975
-0.766845
0.599275
0.507973
1.603884
1.702338
1.098551
0.449297
0.966886
1.996655
4.235206
0.526418
0.565876
1.391489
0.165257
0.592367
-0.767882
0.542497
-0.232098
-0.159414
0.680183
-0.928955
1.198202
1.530784
-0.813963
-1.040516
-1.514478
-0.086102
-0.609480
2.525453
-0.437224
-0.671583
-0.032696
-0.154220
1.009708
0.131501
1.041563
1.702235
1.807796
0.479100
-0.272568
-0.133700
-1.033240
-0.210388
-0.337459
0.508166
-1.783978
0.859069
0.115533
1.033929
-0.634497
0.496271
2.057276
0.433909
-1.792451
2.483226
1.290544
-0.550994
0.934701
-1.498206
-1.862077
-2.953034
-0.819185
0.794495
-1.405908
0.019513
-0.430826
-1.592131
-1.123098
0.028408
-0.051533
0.787917
0.221381
2.631548
-1.936309
0.574422
1.167611
-0.051301
0.686973
-1.276168
1.317373
-0.877460
0.646957
0.609403
0.209152
1.005534
-1.357361
0.364291
0.727424
-0.102511
-0.403134
-0.753710
0.762640
0.423116
-0.824287
-0.547640
-0.031063
-2.489553
-0.558882
0.333455
-0.646099
-0.746999
1.578081
0.156871
0.727919
-0.430707
-0.511491
-1.390175
-1.849262
-0.602218
-1.097434
-1.095965
-0.676982
-0.828398
-0.654174
-0.666054
-0.470376
0.149792
-1.129667
-0.825645
-0.172227
-2.407640
-1.329333
-0.744435
-2.468306
-1.974146
-0.580452
-0.359973
-0.666857
-1.565711
-1.584941
-1.104529
-0.077017
-0.672234
0.372829
0.308623
-1.489347
-2.200598
-1.407816
0.153368
1.211029
-0.080895
0.575913
0.370687
1.024056
-0.606204
-1.585722
-0.540084
1.892355
2.192423
1.621761
2.496964
3.286562
2.035269
0.515217
1.902561
1.550595
0.884182
1.008033
-0.821058
-1.680014
-1.588578
-0.877528
-1.049246
-1.471966
-1.783898
-3.295343
-2.626634
-2.557562
-4.019549
-2.799401
-1.522749
-1.947333
-1.450445
-1.416832
-1.057501
-1.945962
-2.963461
-2.724462
-3.438615
-2.617688
-2.703605
-1.716916
-1.799334
-1.390246
0.646611
-0.184292
0.170079
-0.274757
1.081905
1.212726
1.913018
2.342096
1.518363
0.628067
-0.526477
-0.369807
-2.284428
-0.655099
2.723611
0.769829
0.973468
1.651531
2.221929
0.764771
-0.715598
-0.170407
-0.453138
0.811046
-1.385448
-0.201964
-0.524959
-2.115286
-1.829235
-0.561442
0.415164
-0.346789
0.821706
-0.028204
1.201376
-1.027309
0.199886
1.634640
0.349743
0.129539
-0.180138
1.125463
-1.985852
-0.323244
0.316031
0.101058
-0.406090
-0.631072
-0.852854
0.712841
-1.543287
-0.452623
-1.400132
-1.722447
-0.724256
0.562738
0.904552
0.607649
2.046624
1.197676
0.212304
-0.383443
-0.425785
0.345795
0.188094
0.458738
-0.196710
-0.061316
-2.179419
0.023350
0.080844
-0.476581
-0.113865
-0.325612
0.306280
0.849788
-0.316337
-0.726317
-0.795220
0.329120
-0.837614
-0.633370
-0.860288
-0.395643
1.074730
-0.718674
0.939583
0.641594
0.809433
-0.149495
-1.895132
-1.249090
-0.478977
0.394177
1.656341
-0.304514
0.162256
-0.566068
-0.892800
0.625842
0.113516
0.112238
-1.996264
0.286637
0.228858
-0.295849
0.853632
0.595787
-0.772687
0.341428
0.242484
1.088143
0.743076
-0.695159
-0.025300
0.039787
-1.636272
0.240813
-0.084924
-0.154640
0.646480
-0.165679
0.178109
-0.308379
-0.805293
-0.353009
-0.245244
-0.496732
1.828756
2.387343
0.301957
0.410479
-1.729326
-1.019615
-1.871659
-2.283648
-2.202183
-1.780518
-2.080463
-1.831739
-1.465495
0.637049
-0.749604
-3.101395
-2.364216
-1.311733
-0.360755
-0.670185
0.227582
-0.720832
-1.288835
-1.193301
1.251419
2.247006
2.689731
2.604652
2.886407
2.977597
2.543440
1.207304
2.247640
3.347527
3.042115
3.348274
3.212926
2.510849
0.199736
1.532033
1.357032
0.283611
1.376012
1.331958
3.313240
3.873230
4.508476
2.926407
2.712312
1.900178
3.078358
3.999066
4.960459
5.751625
5.800854
3.800699
3.426821
2.894610
2.399889
3.347461
2.263233
1.371840
1.611083
-0.934708
0.267301
1.938456
1.399434
1.069652
0.354023
-0.659781
-2.065869
-2.878905
-0.119122
0.949419
-0.377227
-0.808070
-1.662205
-1.824432
-0.908205
-1.768203
1.037878
-0.586375
-1.680501
-0.140961
-1.159934
-1.411913
-1.304081
0.514235
0.214247
1.637210
0.808977
1.268914
-1.495044
-0.085555
0.486569
0.269307
-1.582395
-2.045566
0.315897
-0.337894
0.386842
2.122957
-0.607500
0.209217
-1.024977
0.824841
-2.574091
-0.908017
1.605667
1.140430
1.534041
-0.068832
0.465115
-0.118781
0.212507
-0.157480
-2.089684
0.035991
-0.043646
-1.921441
-0.707066
1.699075
-0.775565
0.392320
-1.704403
-0.312617
1.404513
0.234381
1.346809
1.258854
-0.700610
0.737855
-0.219909
0.530560
-0.867095
-0.690528
0.756533
2.098215
0.376578
-1.221776
-1.036156
-0.565633
-1.289698
0.055182
-0.611597
-0.300227
1.253366
-0.792026
0.572706
1.615153
-0.239122
-0.860387
1.023428
0.423660
-1.210375
-0.773208
-1.481084
-1.259916
1.130585
0.889435
-0.286946
1.620293
-0.241827
1.612334
2.024764
1.886826
1.074225
-0.691982
-0.026230
-0.190232
0.266737
-2.885582
-1.920522
1.084130
-0.242617
-0.258635
0.465739
1.067235
-0.393247
-0.903187
-1.373540
0.744545
-0.383441
1.991580
0.316944
-0.064376
-0.419631
0.937743
1.226172
-0.178129
0.064331
0.264359
0.232672
-0.031105
-0.496773
0.416970
-0.562556
-1.876741
-1.818939
-2.166540
-1.824051
-1.380156
-2.077302
-1.516804
-2.773117
-2.935893
-3.331609
-4.209838
-1.577637
0.648971
0.329422
0.078386
-1.310174
-1.860288
-1.331326
-0.075573
2.838258
2.737825
3.362707
3.364731
3.309038
4.569711
2.297579
2.575685
4.261260
2.024381
1.637442
2.530749
1.976408
3.418482
1.238411
-0.399000
-1.483991
-2.720275
-2.858014
-3.607447
-2.751343
-2.381141
-0.045050
1.053071
-0.832210
-0.476182
0.887678
0.382589
-0.821481
0.860131
-1.673747
-1.021021
-0.790497
-0.212005
-0.301058
-1.754877
-0.416623
-0.412112
1.067936
0.679892
0.610801
1.459322
1.840243
1.280837
1.941691
1.560030
1.272044
1.416770
3.030395
4.937777
3.860105
3.008521
0.932939
0.381358
1.265240
1.653531
1.957107
4.388534
4.279794
3.511202
2.226826
1.091055
-0.141314
0.603504
1.648656
0.312171
-1.603570
-2.077575
-2.831567
-2.523909
-2.172431
-1.268349
-0.612568
0.637766
0.207015
-0.689173
0.024113
-1.579704
0.386298
-1.424347
0.169514
-0.719365
0.085507
1.305693
1.313320
-1.187704
0.707742
-0.307233
-0.663719
-1.044842
-1.568283
1.225528
0.992480
-0.121256
0.603659
0.494214
-0.169062
0.261764
0.753256
-2.302790
0.790784
-1.197193
-0.201292
-0.313324
0.144882
-1.473356
-0.989582
0.906059
2.233806
-1.160405
0.892334
-0.403498
-0.603794
-0.740742
-0.074752
-0.277224
1.026769
-0.727420
1.038323
0.025334
-1.173929
-0.404571
0.721925
0.356866
0.044679
1.148789
0.819544
-0.269181
0.415235
0.582129
0.144227
0.173772
-0.011836
2.064312
1.493746
1.242547
0.771487
1.992633
-0.078467
-1.793643
-1.801730
-0.691220
-0.629203
-0.331726
-0.677156
-0.403888
-0.029455
0.598422
1.161902
-0.050210
-3.019475
-2.168790
-1.458091
-1.485440
2.366981
0.996962
-0.352568
-0.841761
-0.217623
-1.041142
-1.660473
-0.540450
0.363395
-0.806669
-1.379754
-0.517563
1.938022
0.262437
0.200210
-0.196410
0.538537
0.968139
0.843536
0.242754
1.209570
2.049239
2.710217
1.611460
2.349984
2.207072
3.278976
1.952987
1.743790
2.300562
1.946706
2.418211
1.893328
3.415464
2.476876
5.092546
4.909723
3.036469
4.139271
6.347684
4.687206
3.850529
2.539881
3.446449
2.563010
2.280598
3.128960
4.511995
3.127139
2.733064
3.957590
2.581837
2.355585
-0.241733
0.018522
0.386540
1.725709
0.794116
0.294704
0.514483
0.038840
0.117819
0.326296
0.865067
-0.803949
-1.977303
-2.148330
-2.103848
-1.933644
-1.885500
-0.908598
-0.788247
-0.026859
-0.134677
-1.509181
-0.283616
0.570317
-0.173909
0.107681
-0.493776
-0.972101
-2.153558
-2.164554
-0.929237
1.771659
1.404323
0.663317
0.143100
1.033469
-0.455073
0.627912
2.381603
3.485360
4.960811
4.121785
2.436293
1.755536
0.688140
-0.125025
-0.034679
0.573749
2.277750
1.653868
1.583513
0.419133
0.401399
-1.033710
-1.941326
-2.446060
-2.238784
0.372606
1.240773
0.437985
0.789535
2.558635
2.383215
1.197978
0.687758
0.558404
0.132773
-0.079491
1.819340
1.925096
1.440432
2.104054
-1.493858
-0.261749
-0.270612
0.544080
0.367151
-0.786926
0.172618
-1.018057
-1.607269
-2.318843
0.561024
0.026589
0.860055
-0.725516
-0.771356
0.714425
2.543303
2.268013
1.281666
0.123882
-1.118264
1.033334
-1.386939
-1.925504
0.418244
-0.065388
-0.085440
0.711692
-0.960129
-0.188539
-0.884081
-0.950214
-0.232652
-0.090095
-0.223884
0.420744
0.527189
0.428289
0.201209
-1.801287
-0.550670
-1.462681
0.669827
-0.880692
0.638310
0.682291
-0.078737
0.616533
-1.177007
0.208825
-1.414021
0.362618
0.652592
0.397081
-0.207585
-0.063200
-0.326365
1.971155
-0.072148
-0.574442
1.023024
0.302276
-1.707397
1.471693
0.559010
0.991391
-0.075450
-1.621765
0.743265
-0.344191
-0.672426
-0.811881
-2.046703
-1.864941
0.013350
2.239822
3.472489
1.210431
0.707880
-0.422011
0.704740
0.792168
-0.223775
-0.842330
0.986126
-1.228742
-0.043779
-0.651961
0.869093
-0.798639
-1.629768
-0.187424
-0.595964
-0.744004
0.357528
1.194965
2.448471
-0.180063
-1.210634
-0.238958
0.791859
1.582568
1.132567
-0.013315
0.321685
-0.620913
0.202934
-2.072541
-2.901231
-2.619440
-2.664384
-1.972266
-0.267380
-0.642821
-0.211492
1.784315
1.783023
1.671097
1.132597
-0.230600
1.231090
2.419842
2.392438
2.110051
2.064421
1.725574
1.389013
2.587024
3.802142
2.680013
2.900175
1.501034
2.271836
2.595305
4.137116
3.152331
3.308647
2.769573
3.619825
3.221019
2.689959
1.843737
1.975635
0.126900
-1.406010
-2.293705
-1.751466
-1.786368
-2.449598
-1.850099
-0.950306
-2.188323
-1.034489
-2.425996
-2.642585
-1.292052
-2.081590
-1.373382
-1.727532
-2.075858
-3.401350
-3.376491
-2.522331
-1.288755
0.215841
-0.112975
2.028204
-0.148065
0.433384
1.478505
0.566991
0.202965
-0.135202
-1.476674
-1.560669
-0.605224
-3.366087
-3.160492
-1.953951
-0.203534
-0.951030
-0.254414
-1.397530
-0.332305
0.577463
-0.379284
-1.674498
-0.693601
-0.070947
-0.111994
0.359307
2.159149
1.925782
1.069991
-0.353441
0.128816
1.006700
2.522965
1.661402
0.087274
0.418524
-0.865331
-0.155767
-1.294459
-0.579631
-1.766223
-0.291540
0.429205
-0.661943
1.426131
1.142862
-0.124344
0.303013
-0.228991
1.109006
-0.975422
-0.808219
-0.608159
-0.336080
-0.529182
0.257192
0.478949
-0.459764
0.302425
-0.698679
0.769465
-0.577409
-0.392631
-1.380891
-0.358419
1.518716
0.007478
0.817693
2.857093
1.170342
0.513110
-1.670143
-0.355071
0.551303
0.051297
-1.478497
-1.077557
0.270919
0.646624
1.256650
-1.834856
0.202207
1.025963
-1.034770
0.144752
-0.875668
1.331168
-0.829332
0.819821
0.930489
-1.633532
1.620993
-1.732417
-1.025684
-0.848113
-1.153925
-1.138391
1.190339
0.166902
0.624454
1.983084
0.303242
-0.760549
-1.107426
-0.563170
-0.374603
0.088154
0.559162
1.043589
1.212106
-0.154176
0.392635
0.213906
1.126355
-0.089951
0.174432
0.726953
1.764350
-0.645498
2.049592
-0.515026
0.139320
0.492493
0.612503
0.031619
-0.221497
0.594304
1.303451
-0.503588
-0.394649
-0.051129
-1.546331
-4.127242
-2.925251
-1.386648
1.403724
-0.239258
-0.966284
1.288575
1.454746
0.397665
0.718797
0.749273
1.439310
-0.955659
-1.040085
-1.077258
-1.488390
-1.996292
-4.131151
-4.662329
-3.700032
-1.165716
-2.576809
-0.619120
-0.339965
-2.403479
-2.202677
0.389399
-1.176743
-0.669478
-0.343780
1.091596
2.364980
3.094312
3.683849
3.442984
3.309384
5.259773
5.434533
4.762147
4.449080
5.141687
3.245741
2.215701
3.021038
2.633364
0.767593
0.628935
0.531454
-0.412381
0.511315
1.272294
1.653942
0.889544
0.072940
2.503633
2.996822
1.979475
0.690715
1.551512
1.741151
1.607413
0.938588
0.977632
-0.725458
-2.602132
-2.182968
-2.420214
-4.225662
-3.013213
-2.186649
-0.782461
-0.782722
-1.038154
0.105096
-1.548161
-0.879619
-1.304733
-1.639548
-1.352038
-1.318701
-1.966828
-3.159520
-4.184756
-1.866062
-2.556836
-2.609677
-3.906338
-3.642958
-4.095416
-3.779429
-4.431323
-3.546725
-3.188887
-2.138198
-1.004103
-2.117478
-2.751897
-2.355748
-1.454935
-1.688057
-2.716075
-0.043857
0.081262
-0.607920
-0.363654
-0.018984
0.296444
-0.021578
-1.225607
1.119017
0.857536
-1.065169
1.227137
0.150598
0.344327
2.003713
1.396832
0.607449
-0.832366
0.639659
-0.336809
0.225967
-0.423149
0.446725
-0.481550
1.143328
0.916987
1.187505
-0.550927
-0.467503
0.557508
-0.307909
-0.412106
-0.052926
0.070508
-0.530199
-0.622684
-0.231554
0.200499
-0.459950
-0.082672
-0.450342
1.263314
-0.622742
-0.377680
0.726154
1.140589
-0.233913
-0.178289
1.117131
1.632959
-0.885643
-1.039357
0.302883
1.036649
0.379016
1.619083
0.382917
-0.402128
-1.605238
-1.283888
-0.184913
0.287430
0.550295
-1.140229
-0.435119
1.792773
1.595809
-1.322623
-0.456414
-0.116484
0.795428
0.707646
0.194097
0.442180
-0.139954
1.733228
-1.214350
-0.133322
0.966587
-0.234043
0.400885
-0.350934
0.251564
-0.841766
-0.108186
-0.884775
1.252657
0.345063
0.883112
2.011525
1.497698
0.463262
0.310115
0.774454
-0.094146
-0.157930
-0.479529
1.163413
1.385978
2.873445
2.878664
3.347691
2.499534
2.839035
2.418693
2.107254
3.628646
3.653846
2.469555
1.847013
1.301984
-0.754280
-0.409444
-0.103330
-0.755092
0.366986
0.621921
0.721605
0.643062
1.675091
0.153636
0.209010
-1.011395
-0.001051
-1.827735
-0.775157
-1.384045
-4.389405
-4.483785
-4.250529
-2.382195
-0.713055
-0.528725
-1.184132
-1.934705
-1.372157
-0.826591
0.786267
0.988758
2.668946
3.984072
2.890663
2.190119
0.704555
1.700461
1.019560
-0.294751
1.539868
2.449861
1.538797
0.673669
0.767036
-0.670968
-1.194997
-1.016611
-1.013969
-2.588636
-1.873670
-1.958623
0.228129
1.876333
-0.001858
1.446845
2.005406
1.813533
1.464205
4.661399
5.561640
4.873464
3.100764
2.092358
2.467201
0.840279
2.539444
2.908691
1.568134
0.689858
1.727507
2.512763
2.234269
1.884957
0.191941
-0.620938
-0.080094
0.329213
-1.081717
-1.943052
-2.190635
0.166865
-0.375067
0.553184
-0.734815
0.027818
2.473946
2.269428
0.233279
0.129839
1.147151
-0.175069
0.795955
0.398171
0.141401
2.108157
-0.730608
-0.526780
0.777028
-1.236103
1.256545
0.107790
-0.208291
-0.731256
-1.407672
-0.335766
2.041298
-1.916685
0.563338
-1.811762
1.508116
0.610366
-0.620988
-1.610662
-0.299270
-0.533688
-0.494251
0.154892
-1.149710
-0.157902
0.263153
-1.325279
0.790978
0.092986
0.891313
1.131094
-1.593521
-0.122297
0.753026
-2.500814
-0.780023
-0.563479
-1.401484
1.768739
0.323483
-0.198497
-0.201922
0.325751
-0.035318
1.168984
0.289582
-1.813826
1.065624
1.418842
0.999821
-0.688457
1.041889
-0.283206
-1.772205
-0.281346
-1.104622
0.292010
-1.312424
-0.504467
-1.118416
1.552456
0.940142
-0.981230
-0.786780
-0.253558
1.449791
-0.916745
0.393470
1.453042
-1.031591
1.045662
-0.074282
-0.575798
1.364947
2.062679
-0.183851
-0.309999
0.990357
0.773763
-1.341139
0.471040
-0.435261
-0.945489
-1.751832
-0.994612
-0.883098
1.394613
2.309884
1.677585
2.300836
1.168377
1.546214
-0.291730
-0.465787
-1.195594
-0.919852
-0.521404
0.319437
1.740989
1.456990
-0.581726
-0.981555
-1.150384
-0.534373
-0.451745
0.143421
-0.064069
-1.124015
-1.197671
-1.209897
-0.415569
-1.458689
-2.011490
-0.151350
1.181878
0.922710
1.326616
0.463290
-0.062445
0.127550
-0.629919
-0.640016
1.150972
0.657607
0.282121
-1.394574
-2.444772
-2.280888
-2.853462
-3.208225
-3.144044
-1.543023
-1.968477
-1.950560
-2.554734
-1.697119
-0.442149
1.776722
0.582944
1.647732
2.246028
2.263336
2.192309
0.399434
0.189489
-0.053524
-0.076614
-1.307207
-0.619454
-1.248795
-2.187124
-1.776627
0.265955
1.068324
0.685566
1.119204
0.064043
-0.185802
-1.332933
-1.219003
0.501951
0.440837
0.535385
0.926449
2.105332
1.899629
1.465476
2.060406
-0.200146
0.800438
0.434562
-1.410872
-0.766025
-0.059572
-2.031380
-0.366728
1.571171
-0.192365
0.454916
0.316600
-0.009300
0.055449
2.110426
-0.715880
0.245009
1.256927
-0.273101
-0.068191
-1.942026
-0.283054
0.247316
2.996027
-2.725906
1.030635
-0.450890
-0.067587
0.091233
-0.648059
-0.746642
0.802021
0.960690
0.002555
0.144207
-1.131422
0.339587
1.494302
2.110695
-0.161819
-0.929770
-0.410064
-1.641821
-0.309983
0.367924
0.066459
-0.513161
-0.036031
1.138146
-1.473513
-0.568040
0.162922
-1.245643
0.186440
-1.446557
-0.152057
-1.778806
0.286089
0.875854
-0.718907
-0.262551
-0.279352
0.737856
-1.175435
-0.131664
0.124737
-0.795358
-0.955466
-2.658747
-1.293316
-1.384345
-0.790919
1.534897
-0.291458
1.194306
0.632725
1.752317
0.052680
0.329820
0.075760
-0.690957
-0.070369
1.722094
-0.769162
0.735885
0.132602
-1.075213
0.748694
-0.522165
1.552891
0.710719
0.257438
1.236648
0.478335
2.090706
0.805533
1.174835
0.081462
1.926292
-0.914583
-1.343431
0.191562
-1.403171
0.988783
1.159482
-0.242643
-0.000637
2.773062
0.676527
-0.047952
-1.452331
0.419499
0.925313
-0.989720
0.180871
0.961812
-1.288094
0.334692
0.306182
1.017324
0.417116
-0.364123
-0.414121
0.328446
0.409769
0.500252
1.575847
2.583595
1.671233
3.024585
3.888048
4.088990
2.751904
3.063480
3.348003
2.677229
3.406164
0.806905
-0.805704
-1.849534
-1.745858
-2.048555
-1.720365
-1.625139
-1.861916
-1.479763
-2.294729
-0.726018
-0.462773
-0.427399
-0.763107
0.499675
0.176678
0.531922
0.852344
1.625612
1.925814
2.462826
1.197685
0.186102
0.146538
-0.641032
0.322615
-2.229255
-3.168463
-0.456755
-1.361930
-1.410313
-0.964941
-1.489984
-2.313204
-0.884331
-1.717219
0.373158
-0.963570
-1.726974
-2.117253
-2.403316
-1.801208
-2.448759
-3.232162
-3.210372
-1.916472
-0.508089
-2.860580
-1.999968
-2.717747
-2.712369
-2.460178
-2.335891
-2.059502
-2.165937
-0.214325
-0.331705
-0.203671
-0.336118
-0.653801
-1.692312
-0.416036
-0.098849
1.783877
3.051925
5.556862
6.663941
8.002103
6.905851
8.656121
7.421443
7.603859
5.834765
6.504212
7.112385
6.759169
6.526898
6.745034
6.041182
5.894873
5.252433
5.390085
4.080543
1.726958
0.444959
1.002470
1.475907
-1.747648
0.826603
0.521374
0.055084
0.098791
1.077791
0.023365
-1.319546
-1.571545
1.033764
1.655545
-0.599087
-1.312720
-0.896023
0.439285
0.684873
1.051595
0.670435
1.721445
0.262498
-0.406519
-0.059825
-0.969772
-0.954136
0.192004
0.151824
2.885699
0.978274
1.552276
-0.876634
-0.146677
-0.697898
1.261002
-1.347264
0.681021
3.157292
0.441532
-0.398579
-1.040061
-0.149475
-1.334653
0.796515
1.360358
0.573274
-1.098793
0.379979
0.511963
1.073520
-0.682096
-0.589601
0.014431
1.921853
-0.614758
1.004802
0.600600
0.912176
1.200726
-0.304969
-1.740715
-1.550216
-0.020910
-2.183435
-0.176578
0.205553
0.484379
-0.334713
-1.481411
-0.972355
-0.668144
2.165013
0.420568
-0.466721
1.633611
-0.446885
-0.106891
-0.022829
1.064403
0.468022
0.549422
1.019010
-0.491973
-0.023320
-1.838376
0.596045
1.200148
-0.623553
0.397204
-0.040873
1.274544
-1.281800
-0.250889
1.606520
0.960185
-0.370591
0.123334
0.614908
0.951310
