0.000000
0.780168
0.287923
0.652807
-0.992222
0.652422
0.818657
0.575716
1.027411
0.711408
0.019235
0.642889
0.711301
1.129285
-1.478018
-0.887627
-0.194612
-0.769774
1.289461
0.633616
-0.426027
-1.941216
0.541709
0.744142
0.607583
-0.260287
0.548841
0.167054
2.462275
0.317290
-0.528185
-0.277305
-0.000012
0.378775
-0.187845
0.460200
-0.345912
1.450289
0.897194
-0.478076
1.501598
0.238713
1.202614
-0.133311
-1.680922
-0.565344
0.637211
1.297736
0.970805
0.142380
0.187394
-0.254868
-0.691861
0.235774
-0.698380
-0.150287
0.967140
-0.781403
-1.307180
1.115236
-0.121750
-2.242369
-0.349441
0.154529
0.109271
0.525752
-0.847633
-0.478213
-0.313068
-0.970383
0.810499
1.020727
0.671328
0.926948
-0.412816
0.937896
0.818727
1.561409
0.825282
-1.568251
0.003803
-0.052530
1.275092
0.788114
0.807744
0.175232
-0.210939
2.016995
0.578615
-0.669318
-0.205854
3.004611
-0.582713
1.358553
-1.178248
-1.322522
0.090507
-1.139853
-2.186935
-1.401925
-0.273700
1.472260
2.048473
0.495185
0.054880
-0.381452
-0.211828
-0.308732
0.088482
-0.728079
-0.926964
-1.325199
-0.263370
-1.292535
-1.300169
0.190772
0.090748
-0.400146
0.508207
-0.329551
-0.322751
-1.631767
-0.712080
-1.590523
-2.613219
-1.172840
-2.233373
-1.512340
0.448815
1.146426
0.037200
1.142659
2.934018
0.774034
-0.936705
0.226727
0.765216
-0.605556
1.055919
0.013758
-0.512490
-0.905747
-1.855962
-0.670172
-0.885923
-0.896886
0.143272
0.543166
1.502427
0.870036
0.661420
-0.714921
-0.305076
-1.508581
-1.328888
-2.144749
-2.479966
-2.727350
-3.841464
-4.801670
-2.282254
-2.378816
-5.136631
-3.616514
-2.240682
-2.537496
-3.470383
-2.893118
-3.096301
-1.482651
-2.803934
-1.981198
-2.200425
-1.553619
0.642031
-0.344498
-0.558027
-1.985407
-2.365894
-2.154566
-3.721443
-3.215667
-4.670041
-3.289108
-2.996028
-2.933899
-2.914597
-2.255016
-1.992526
-1.966594
-2.129163
-3.200387
-0.301770
-0.346932
0.293683
1.516947
2.807745
0.262412
0.269985
-0.629274
-0.961270
0.832749
-0.482861
0.747125
-1.136023
-0.209021
-0.158582
-1.211981
3.208090
-0.842298
3.253395
0.633315
0.785913
0.082721
1.134207
0.064219
-0.781912
0.856028
-0.106235
0.072599
1.299843
0.323508
0.566040
-0.675542
-0.779197
0.249238
-0.542554
-0.003539
-0.040011
0.655524
-0.612141
-1.138930
-0.295130
-1.292492
-0.032333
-0.198154
-0.444991
0.040140
-1.360469
-0.480248
-0.861875
-1.871903
-0.807680
-0.179897
-0.441245
1.664004
0.271802
0.423552
-0.175820
1.118396
-0.519022
0.059527
-1.219585
-0.112550
2.109561
-3.055982
-1.069865
0.022929
-1.070823
-1.420175
-0.221361
-1.297287
-0.629050
0.027015
-1.316527
-0.422624
1.045307
-2.187298
-1.508201
-0.082406
0.437710
1.209734
0.473489
0.198734
-1.027468
-0.063129
-1.191414
-0.002116
-0.843485
-0.067210
-0.454626
1.062824
-0.726570
1.361321
-1.274672
-0.910931
-0.654240
-0.840549
-0.995449
0.375610
0.620380
0.703933
-1.222889
0.520116
0.184234
0.320574
2.070362
0.495087
-0.297710
-0.747153
-0.631875
-0.400395
0.753899
0.948620
-0.520036
-0.681867
0.073068
-1.599175
-2.031963
-2.743289
-2.385222
-2.861642
-3.812881
-1.547900
-1.433122
-0.211639
1.876510
1.368297
2.681990
2.730182
3.035324
5.324306
4.764147
4.740183
4.812159
4.318436
4.819213
3.568973
3.951167
3.253813
2.450817
-0.493768
-0.150905
0.771152
1.650797
0.474082
-0.566011
-1.513566
-3.270914
-5.231192
-4.869298
-3.004597
-0.195997
1.144720
2.132183
1.989865
0.776363
0.764076
1.299056
1.866049
1.092001
-0.880620
0.243972
-0.052716
-0.366147
0.686351
1.719238
-0.026294
0.255293
1.230592
1.201839
1.468834
3.135371
4.541374
4.249120
3.254370
2.165072
1.947684
-2.003639
-3.474373
-3.358196
-3.367499
-3.472755
-3.844522
-1.580763
-2.486354
-1.875858
0.297096
0.014399
-0.996793
-0.477858
-0.026295
1.225546
2.735634
2.514561
4.147511
2.246196
1.375195
1.800068
-0.114865
-0.072320
0.087885
0.120757
0.579137
2.220051
2.928126
0.116174
0.665973
-0.689883
0.358227
-0.770028
2.022837
0.360230
0.972195
-0.875111
-0.525159
-1.047193
-1.289132
-0.751028
-1.448934
-1.269967
-1.716672
-0.601240
0.532511
0.701472
2.917488
-0.752322
0.203618
-1.374915
0.408135
1.186185
0.661851
-0.030862
-1.363414
-2.163598
0.891767
1.501984
0.370236
-1.295246
0.483175
1.993127
-0.842517
0.735277
-0.954429
-0.827759
-1.003394
-1.110788
-0.157810
-1.011080
-1.421825
2.003533
0.974672
0.449279
-0.546267
-0.140361
-0.329041
-1.314526
-0.279914
-0.764635
0.857920
-0.048685
0.544238
0.016373
-0.553278
1.088033
0.486325
-0.059198
-0.587377
0.229835
-0.276015
0.874048
-0.889799
0.377712
0.225032
-0.797738
1.039020
-0.833974
-1.018161
1.430095
0.098086
0.309989
2.057404
1.143432
-1.700598
0.572127
0.234094
-1.100622
-0.992785
-0.175632
-1.479992
-1.300902
-1.523911
-0.802328
1.562413
1.749232
1.928770
0.194687
-1.531541
1.023339
-0.661210
-0.565439
0.854812
-0.503797
1.045945
-1.362038
-0.961964
0.040381
-0.705748
0.964381
1.926960
2.719163
0.428726
-0.224652
0.205245
-0.006873
0.707604
0.094794
0.052835
-0.054739
-0.297429
-1.049038
-1.471235
0.606446
0.502738
-2.293192
-1.161127
0.004719
1.054633
0.037296
0.716521
-0.803235
-0.272716
-1.422421
-1.813192
-1.237370
-1.013109
-2.023712
-1.376466
-2.597962
-3.156628
-1.960383
-0.488699
-0.998894
0.346660
-0.332881
-0.861111
0.242084
-0.108127
-0.762432
0.949535
-0.120442
-2.372803
-1.545646
-0.947181
-1.236118
0.466083
2.017925
0.018043
-1.180630
-1.937280
-2.212330
-1.676178
-1.725630
-2.333020
-1.985554
-1.512563
-0.975197
-1.294556
-0.918179
-1.795429
-1.156083
-1.971457
-2.742294
-2.983837
-2.287121
-3.812781
-3.637226
-4.584469
-4.030313
-3.188825
-3.397616
-3.228540
-3.827568
-4.757122
-5.782514
-5.094382
-3.712270
-2.871493
-1.315492
-2.224014
-1.542553
-0.967952
-1.586704
-2.065976
-2.250756
-2.112833
-3.125022
-2.839650
-3.267244
-4.074046
-2.652298
-4.500606
-4.234781
-2.316300
-0.640584
-1.934705
0.377868
-1.212786
1.632147
1.762654
0.172288
-0.797851
1.776323
0.362562
-1.219555
-0.457309
0.025686
-0.435835
0.466743
-0.093696
-0.121284
-0.994062
-0.440614
0.920591
-1.656547
-1.724132
-0.350159
-1.009253
-1.627240
2.127266
2.202053
-1.054371
-0.014408
-0.702106
-0.333160
0.556189
0.284950
0.337928
-0.448815
0.867392
0.694055
-0.688113
0.144261
1.372568
0.198716
-1.540211
-0.091056
-0.809309
-0.303316
-0.012468
1.049642
-0.127425
-0.091138
1.359468
-0.628401
1.014667
0.953110
0.673473
0.734435
-0.768519
-1.309980
0.062275
-2.711118
-0.059840
1.396737
0.807742
-0.848540
0.215187
-0.056386
1.512909
0.930878
0.053069
1.171073
-0.007506
0.435223
0.682627
-0.296723
-1.727924
1.125755
0.626543
1.529087
1.295779
-0.191499
0.044924
1.162720
-0.267329
0.026575
0.733876
0.304812
-0.224389
-1.003568
0.042319
-1.262815
1.765676
0.606614
-0.582756
0.465880
-0.122696
-0.938036
-0.139556
-1.214928
-0.183481
-0.067471
-0.927836
-1.330725
-0.872214
-0.149809
-0.620169
-2.692475
-1.586392
-0.181860
0.461862
2.287516
2.384416
1.673329
1.263898
0.798437
-0.663232
-2.569640
-0.730503
-0.365516
0.503710
1.271973
1.977055
0.971064
0.768352
-1.195876
-0.882247
1.703584
2.206060
0.810428
3.778285
1.979794
0.222335
-2.307364
-3.811301
-3.278546
-1.681231
-1.627118
-1.543775
-3.504196
-3.090912
-3.086257
-1.946138
-2.085091
-1.652836
-2.184097
-3.834264
-1.799628
-2.721465
-2.351712
-2.401779
-2.021298
-2.342080
-1.410121
-0.660071
0.824726
-1.007299
-1.774689
-1.651787
-1.333601
-0.796649
-1.173322
-1.858876
-2.117414
-0.554311
-1.137183
-0.830995
0.232537
1.083507
1.575036
-0.378619
-0.424676
-1.028456
-2.535925
-2.257299
-1.794840
-0.602056
-0.850218
-1.751542
-2.063152
0.013320
0.707410
0.429289
1.567287
2.221765
2.146273
1.370626
1.077130
2.286661
1.580131
0.692890
3.023685
3.243701
2.307309
3.378472
2.759336
2.905944
1.619365
2.693077
1.869790
-1.434131
-1.013753
-0.901648
-0.737896
0.774891
-0.573862
0.585586
-0.459755
1.196419
0.001747
-1.503875
-0.414532
0.851075
0.240300
-1.237171
-1.946839
0.498189
-0.401403
-1.522458
1.648207
-0.281079
-0.864665
-0.049240
0.368707
-1.246025
-0.156079
1.133006
-0.882360
1.972442
0.888364
1.047892
-0.478292
-0.600556
0.050152
-0.624069
1.149830
0.523129
-0.967298
-1.354717
-0.810348
0.915502
-0.653113
-1.381788
1.054720
-0.600271
0.665017
0.675728
0.877615
1.488857
-0.535871
1.255173
-1.081845
-1.526625
0.283643
0.884253
-0.701082
-0.422673
1.576236
0.496696
0.011742
-1.470918
-0.684583
-0.049667
-1.476211
-1.260702
-0.637294
-0.092407
0.497640
-1.317765
-0.640989
-1.615555
-1.554261
-0.657579
-0.795139
-0.872423
-0.121891
0.084449
1.632993
0.035409
2.275922
0.185136
2.247552
-0.237038
-1.672102
-0.244839
-0.474832
0.216262
-0.109316
1.443032
-1.453715
-0.509981
0.116535
0.940536
0.150164
-0.524304
1.074184
-0.636644
0.093457
0.145758
1.079375
-0.182151
-0.560610
1.857830
1.320474
1.530609
2.319907
2.191421
3.762068
2.387770
1.689096
1.140585
-0.306579
-1.800119
-2.231671
-0.874254
-1.685995
-0.272533
-0.697495
-1.223350
-2.402181
-0.900011
-1.878970
-3.026630
-0.901922
-1.198871
0.161467
2.184964
1.430932
0.949847
4.212234
2.149509
2.645999
2.304403
0.169299
0.118669
-0.943151
-0.293786
-0.224394
-0.366925
1.047570
0.336487
-0.738229
0.182065
-0.125861
0.811017
2.218123
1.692077
1.599983
2.248247
1.931444
1.560163
1.478420
-0.504001
-0.038013
-1.103646
-0.262256
0.435549
0.309949
0.837897
0.481725
0.166483
0.796168
0.095795
-0.239362
-1.132713
-1.195720
-0.721936
0.607725
-0.389675
-0.645408
-0.455668
0.374480
-0.270855
0.721754
0.923288
0.753848
0.918221
2.190018
2.547547
3.112652
2.734385
2.220023
1.204879
1.016915
2.122471
2.357181
2.656462
2.657496
3.083143
2.136514
1.256612
-0.505619
-0.729764
-0.483538
-0.609024
0.322795
1.220343
0.920675
3.016791
-0.207827
0.165835
-0.155243
-1.948609
-0.146519
0.896616
-0.974725
-1.176425
0.374259
-0.429698
1.215822
0.294178
0.880118
-0.725004
-0.059638
-1.085265
-0.031876
-0.680643
-0.175612
-0.819020
1.538880
1.479375
-0.485397
-0.440058
1.311371
0.160743
-1.540951
-0.608386
-1.081992
1.057792
0.797867
0.791828
2.192546
0.716067
-0.367980
-1.132225
0.421931
-1.653171
-0.113828
-0.208364
-0.735120
1.101979
0.679067
0.039383
0.574826
-0.280319
0.847108
-1.523587
0.144227
-0.513774
1.303794
1.982637
0.681051
-0.165967
1.301138
0.954772
-1.386411
-2.313457
-0.249405
-0.219355
0.177162
-0.402210
-1.088156
0.209027
0.244922
0.477469
0.844409
0.360622
1.674936
0.979208
-0.431454
-0.119536
0.644789
-1.350740
2.947537
-0.534187
-0.780484
-0.387858
-0.943754
0.304135
3.348105
0.523118
0.634165
-0.401827
-0.555050
-0.080433
1.304604
-0.083702
-0.892880
-0.766525
-0.614771
-0.386327
2.339692
2.236342
2.873656
4.578776
2.750188
3.432346
3.833219
3.044344
4.890536
4.028759
3.288709
2.854534
3.522575
3.779772
6.174420
5.564159
3.299441
1.826685
2.488433
3.037019
0.327869
-0.241105
-0.132236
0.287172
1.381653
2.632567
2.418832
2.533085
3.370668
2.700763
1.315699
1.024467
-1.496924
0.135607
-1.507475
0.218125
0.391513
0.845399
-1.584588
-2.561350
-1.394553
-0.546282
-1.727993
-0.696867
-0.722181
-0.029319
1.089307
0.408784
0.721584
0.785508
0.380341
-0.325374
-1.747628
-1.313408
-0.300118
0.455426
-0.933659
-3.206887
-3.408972
-3.047366
-2.033994
-0.781430
-0.191042
-0.143989
-0.965905
-1.746624
-1.740509
-1.368119
-1.185238
-1.638534
-1.288022
-0.812881
-0.168963
-1.292857
-1.038068
0.701911
0.876080
1.917331
1.439175
2.246157
1.165143
1.859378
0.534583
0.483881
-0.339016
0.542992
-1.244593
-1.408146
-1.014883
-0.639672
-0.661108
-1.243111
-0.108232
-0.916767
-2.188449
-2.606596
-1.409206
-0.120253
-0.188300
-0.923867
-0.668991
2.551332
-0.900227
1.586462
0.637785
-0.291445
0.670583
-0.754870
-0.626866
-2.622602
-0.809190
-1.190028
-0.372122
-0.125308
-0.954956
0.381812
-0.627709
-2.736527
0.099667
0.783445
-0.011917
-1.425705
-0.930643
-0.296876
-0.363268
1.751897
0.062959
-1.627594
-0.580385
-0.918928
0.559143
-2.679748
-0.308765
0.319750
-1.010891
-0.727098
1.607293
1.910404
0.120640
-0.325560
-0.683594
0.537383
0.365959
0.010529
0.183970
-2.761873
-0.331910
-0.545972
-1.325056
-0.094043
0.150695
-0.789580
0.710817
-0.160495
-0.113092
0.502659
-0.205423
0.521856
0.890418
1.631972
1.008917
0.300813
-0.124712
-0.920307
0.654604
0.374020
0.901036
-0.197875
0.056216
0.348093
-0.168141
0.283945
0.157553
-0.267660
-0.764874
-0.560207
1.074333
-1.371296
-1.253000
-1.723847
-0.042206
-1.574633
-0.583951
0.172602
-1.283654
0.151103
-0.050573
0.107544
1.536876
0.926964
-0.280319
0.610214
0.214845
-1.971876
0.799349
-0.022168
-0.402116
-1.279048
-1.588170
-3.235924
-1.502935
-1.734592
-2.377860
-3.308557
-3.265701
-4.101002
-2.442120
-0.895455
0.468352
0.860493
0.873770
0.700140
0.457706
0.728463
1.487019
1.626827
2.320105
1.490880
-0.277399
-0.748058
0.434614
1.213187
0.394729
1.393538
-1.481069
-0.624355
-0.634357
0.213426
-0.692904
0.502239
-0.740209
-0.098997
0.758451
-0.658486
-0.668603
-0.216221
-0.316756
-0.881164
-0.606893
-1.056301
-1.677091
-1.097023
-1.234074
0.440393
0.694009
-0.133196
-1.839336
-2.474588
-2.475602
-0.391735
-1.335611
2.282402
2.835223
3.712474
3.466110
3.622340
2.481821
0.897619
-0.247371
0.077292
-0.205588
0.206151
0.847237
0.584317
0.347841
1.482512
1.591881
1.223480
-0.043978
1.033538
-0.193301
-0.319446
-1.580195
0.144317
0.308548
1.083073
-0.076722
0.944383
0.898800
0.286773
-2.407883
-1.704981
-0.529687
-0.806964
-2.293211
-0.254664
1.168835
0.603855
0.552287
0.346506
1.608516
0.638534
0.438282
1.764743
1.497936
0.326964
-0.805934
-0.457443
-0.282391
0.147490
0.386950
-0.744678
1.040676
-0.159451
0.597292
0.412277
0.125427
0.802228
-0.203399
-0.335981
-0.329619
-0.919285
-1.927165
0.138894
-0.221366
-0.369797
0.991770
-1.411612
-1.031531
0.325950
-0.265315
0.191049
-0.144680
-0.366258
-1.166504
1.126636
0.217241
-2.021565
-1.040116
-1.073875
0.305929
-0.517932
1.226363
0.723864
0.096422
-0.822637
0.212455
-0.154192
0.814070
-0.015670
-0.097735
-0.041892
-2.400823
-1.187649
-0.261593
-0.045085
-0.073256
-0.065377
1.674929
-1.213610
-1.101088
-0.262537
0.257879
-0.189295
0.275956
-0.534426
1.266788
0.094290
-0.766431
-1.590359
0.120614
-1.431555
0.923125
-1.294518
0.276608
-0.007712
-1.042662
-2.679467
0.390414
0.716581
0.628089
-0.476242
0.234986
-0.048102
1.693331
0.580680
0.974296
0.293938
-0.981532
0.428129
-0.363485
-0.212801
0.988996
0.699240
0.154624
-0.942915
-0.255896
1.205482
0.125938
1.561534
0.203130
0.761187
1.160801
-0.490474
-0.095300
-1.533076
-0.157807
1.494815
0.731811
-1.012501
-2.664374
-2.518447
-3.429927
-4.076196
-3.575130
-1.835710
-1.393038
-1.102370
-0.442430
-0.618707
0.015942
0.948683
-0.323734
-0.515616
-0.071618
-1.315272
-3.044047
-3.120575
-1.989938
-1.434227
-0.855804
-1.844311
-1.517350
-0.813224
-0.758928
-0.327533
0.301026
0.301469
-1.185485
-0.402973
-0.011955
0.999861
0.662296
-0.130356
0.225587
0.259849
-0.323793
-1.093231
-1.020859
0.827989
1.770912
3.046721
1.135194
1.189579
2.494037
2.401216
2.421500
1.317785
1.279096
0.241276
0.376530
-1.019132
-1.950123
-2.014599
-2.294424
-0.407564
1.433072
1.224259
0.269697
0.989222
-0.205504
0.353488
-0.466762
-1.315748
-2.155979
-1.678924
-3.285044
-2.199365
0.410608
0.654549
-0.458606
-1.420507
0.296117
-0.096144
-2.089069
-1.874559
-1.553964
-0.386193
-0.336531
0.072094
-1.194810
-0.020535
-1.134086
-2.217105
-2.049124
-1.794253
-1.122930
-0.333160
-0.391072
1.032622
-0.523116
0.240153
0.225574
0.260353
-1.363951
-1.197881
0.574895
-0.506464
-0.556554
-0.232851
1.193178
0.668570
2.320122
0.278041
-0.923332
1.008810
-0.076348
-0.793426
-0.580715
0.412081
-0.754202
0.612257
0.078845
-1.354386
0.522537
-0.294844
0.549992
-0.186078
0.552561
-1.410972
1.032896
-0.699149
0.008673
-0.367344
0.475823
1.114471
-0.543934
-1.303208
0.803294
0.778899
0.044295
-0.351297
-1.107367
0.925110
-0.909481
1.244410
1.714382
0.270921
0.162993
-0.046829
0.016732
-0.859283
-0.749256
0.428950
-0.344753
0.621208
0.785604
0.620658
1.339522
0.537508
-0.716406
0.714468
0.842625
1.082193
0.579721
0.151874
-0.690416
-1.951506
0.541841
-1.396381
-0.935695
1.762914
-1.700320
-1.244292
0.050491
-0.505517
0.349656
-0.133012
-1.101279
-0.129531
-1.329471
0.481516
-2.274761
0.767912
1.519230
-0.727781
-0.413107
2.447016
-1.176774
-0.063470
0.405537
0.783778
-0.171213
-0.987094
2.185001
1.062637
2.103333
1.345748
-0.453688
-0.528183
-0.074559
-0.053085
-0.175883
-0.866577
-0.983977
-0.089779
0.290249
-0.120548
0.820909
0.638299
-1.131993
-1.483358
-0.063633
-1.801572
-1.529635
-1.428049
-1.204627
-0.180094
1.172627
0.213473
0.607415
-1.522406
-0.461821
-0.350584
1.465037
0.883842
1.222325
-0.770143
0.270533
0.852844
-0.220111
1.008018
1.978306
1.050508
-0.551002
-2.194461
-1.293561
-3.306116
-1.963444
-2.069206
-1.072393
-1.350254
-1.252464
0.028357
0.051114
0.223640
1.699915
1.579291
2.751381
2.288874
2.548044
1.749865
1.870708
1.803019
3.181913
3.442717
4.061464
2.828469
2.828327
2.801385
1.303592
2.382786
1.790354
2.339903
2.899086
2.659143
1.569607
1.284710
0.609391
0.388956
0.027420
0.124614
-0.293423
1.140649
1.989857
2.792552
2.656137
1.867166
1.691699
2.354842
2.084645
2.231117
3.259482
4.099453
3.419849
2.981021
4.552300
5.202844
5.030341
3.780976
3.958513
4.017727
2.688898
3.137796
2.137252
2.434442
1.044623
0.996416
0.185412
2.028268
0.408590
0.813751
-0.334238
-1.572190
-0.713590
-1.817718
-1.424229
0.595567
1.014743
1.106838
1.280641
0.962633
0.119983
0.844427
0.046924
-0.391153
-0.979836
-1.715915
0.416426
-0.598234
-0.485879
-0.550683
0.669994
0.223738
1.313975
1.459380
1.139772
-0.797826
-0.892878
0.146895
0.118158
0.018623
0.153924
-0.814633
-0.244330
0.100582
0.936161
-0.821511
-0.566662
1.453430
-0.137304
0.895805
-1.367038
0.906073
-1.841205
-1.102983
0.156517
-0.695759
-1.622663
-0.936890
0.047324
0.688561
-0.333427
-1.514590
0.285830
0.787179
0.537268
0.010860
0.205211
-0.277836
1.403621
-1.338855
-0.811975
-1.142876
0.635121
-0.369867
0.017657
-0.107321
-0.749090
-0.403872
-0.150638
-0.821502
-2.303722
0.559285
-0.521801
-1.464160
-0.851187
-0.538116
0.087508
-0.091621
0.048408
2.056969
0.922726
0.000413
1.541366
0.337339
0.473660
-1.415050
0.457455
-0.590654
0.570232
-0.281958
1.003343
0.531785
-0.718364
-0.915782
0.032085
1.122003
0.907078
-0.508724
1.378427
-0.488709
-0.300809
-1.503560
-0.088601
-0.197556
0.143696
2.356484
-1.071442
1.150756
-0.566048
-0.176792
-0.836936
-1.918106
-3.584179
-2.775153
-2.798379
-3.055368
-4.065997
-4.849170
-4.460230
-3.711370
-3.635799
-4.911795
-4.745661
-3.464573
-1.597163
-1.216481
0.447493
-0.457179
-0.341854
-0.192563
-0.033935
1.357915
0.551339
0.822867
0.364324
0.981277
1.329506
3.239811
1.686655
0.163012
-1.357031
-0.206609
-0.479308
-1.766582
-2.183115
-2.194709
-2.719059
-2.682872
-1.836182
-1.886811
-2.616602
-1.843915
-0.558412
-2.155543
-0.903266
0.033854
1.242850
0.221422
-0.442678
0.179786
-0.088836
0.275084
0.467632
1.401127
2.328599
0.645972
1.930504
2.574250
2.610686
2.232404
2.530546
1.068031
0.393709
-0.775208
-1.165386
-1.130245
-0.735443
-0.371715
-1.441588
-0.934565
-0.493056
-1.592307
0.805051
1.562760
1.507319
0.182737
-0.446951
-1.694642
-0.963937
-1.421159
-1.170166
-2.100522
-1.488438
-1.283261
-1.513708
-1.042044
-0.998757
-2.741688
-0.361153
-0.031221
-0.790440
-0.437958
0.906844
1.507492
1.409105
2.429918
2.689841
1.844252
2.546263
1.269275
1.487030
2.546743
2.149546
1.163537
-1.352449
-1.362076
0.920867
-2.184026
-1.593201
-1.014140
2.294128
1.187270
-1.155491
1.019124
1.250156
-0.023562
-1.515946
-0.046252
0.427606
1.410100
-0.059096
-0.105790
-1.867831
0.132861
-0.224061
-1.403161
0.435643
2.150040
0.653852
1.257681
-0.733861
-0.837412
1.078437
-0.303951
0.094097
0.582335
2.345117
-0.673189
0.237521
-1.524303
-0.323995
0.645744
-1.172495
1.189349
-1.524037
-0.099940
-0.036398
0.724893
0.096435
0.761145
-0.669667
-1.398736
1.000035
0.678061
-0.185636
0.266942
1.162006
0.058357
-0.578307
-0.928710
-0.493508
0.461729
0.845547
-0.683354
0.132247
-1.048495
-0.829636
1.246777
-1.969085
-0.005105
-0.697438
0.633412
0.292338
-1.991962
0.473348
0.716794
-0.901912
-0.613705
0.693646
-0.604124
1.340187
0.946746
-0.121873
0.962823
-1.675685
-1.771985
0.409080
0.210149
-1.115499
1.030151
1.952015
0.235697
-1.098110
0.495535
0.572829
-1.585219
-0.229197
0.745984
-1.290986
0.607032
-1.403447
-0.537905
-0.793826
-0.484850
0.177170
0.406801
0.745622
0.083812
0.230625
1.549745
0.286960
-0.251147
-0.363387
-1.464943
0.197420
0.343267
0.248481
0.682988
0.986803
-0.269539
0.230213
0.637781
1.367494
0.932309
-0.413985
1.157701
1.216669
-0.012961
-0.449822
-0.301165
-2.063191
-2.322093
-1.653482
0.325757
0.787009
1.767880
2.720240
3.139180
1.904046
2.074989
1.388878
1.374057
0.333222
2.658592
3.297979
2.755371
3.126090
2.245406
1.434430
0.726871
-0.820693
-0.278530
0.911285
-0.093395
1.127385
1.255657
-0.599616
-1.285144
-1.069226
-0.413964
-0.424847
1.272984
0.253428
0.412659
2.163814
2.970607
3.143586
3.255386
1.855632
1.340248
1.298532
0.664738
-0.110491
-2.447803
-0.739770
-2.654676
-2.132980
-1.494147
-1.394105
-2.395189
-2.105778
-1.587894
-1.429527
-1.567584
-0.736738
-2.623573
-3.351993
-4.143861
-3.551676
-3.410028
-3.210434
-2.881550
-1.078735
-1.026419
1.146726
1.475075
1.703611
1.753138
2.285164
1.490104
1.254008
1.712004
2.202517
3.836769
4.719697
1.408065
0.628229
0.525556
1.164731
2.324621
0.579113
1.125955
0.614043
0.853692
-1.734731
-0.369267
0.153582
-0.722441
0.261480
-0.281693
2.450363
0.351957
-0.757794
1.018407
-0.096921
-1.450916
1.685505
0.076771
0.244490
1.164382
-0.922943
-1.954868
-1.398925
-1.087454
-0.543717
-0.007841
-1.360799
-1.041143
-0.078055
1.487426
0.200618
0.781347
0.470462
0.112537
-0.149535
0.680856
1.521861
0.137242
-0.304335
-0.215232
1.763215
0.904117
0.675760
-1.168393
0.639854
-1.193592
-0.835602
-1.734052
-1.839264
-0.277505
-0.360519
-0.450794
0.717704
0.183690
0.623695
0.561361
0.533964
-0.413662
-1.177577
-0.330021
-0.713650
-1.409056
0.061578
-1.434841
-0.402914
-0.397984
-0.460041
1.263491
-0.570584
-1.604177
-1.083522
-0.188023
-1.790668
-0.504925
-1.145624
0.844511
-1.790647
-1.690621
-1.404886
-0.641931
1.833181
0.935268
-0.947907
0.223431
1.153693
0.546588
-0.972302
1.163585
-0.840048
-0.154599
0.496626
0.198261
0.259710
0.692789
0.494463
1.413992
2.326151
2.020118
3.707342
3.466217
2.334025
1.553555
2.043759
2.925553
2.441467
0.558156
1.053644
0.663921
1.500136
0.280231
-0.590306
0.950917
-0.539182
0.169573
0.225743
-0.204365
1.190880
0.420268
0.845977
0.257845
-0.167437
-0.232321
0.580374
0.985596
0.191908
-0.633467
-1.808886
-2.584648
-2.971966
-2.804856
-2.312247
-1.820628
-0.396139
-0.841537
-2.539611
-3.202829
-3.535051
-1.810156
-2.497687
-2.209702
-1.166199
-1.789776
-2.408489
-2.182070
-2.672179
-2.928324
-4.344253
-3.444128
-3.594018
-2.230255
0.186373
-0.763417
-0.181030
-0.164708
-1.206839
-2.596928
-0.484068
-0.273178
-0.251578
-0.846575
-0.590455
-0.356508
0.165542
-1.447497
-0.643586
0.078063
-1.511925
-0.664614
-1.862899
-2.799680
-0.989219
-1.173829
-1.042522
-1.941359
-1.469238
-2.830762
-3.026808
-2.095241
-1.224780
-2.013049
-1.609456
0.285541
0.082896
-1.362604
-0.303426
-0.279808
-1.558076
0.299866
0.734170
0.470146
0.805079
0.167937
0.366593
-0.932490
0.371112
0.175480
-0.102920
-0.099369
-1.429457
0.071255
1.344298
-0.984404
1.747563
-0.635000
-0.719804
-2.133717
-0.477418
0.060508
-0.100434
0.936659
1.065780
-0.174775
0.490618
1.378182
0.268701
0.615367
2.128700
0.710439
0.287732
0.373058
-0.678914
-0.702006
0.072210
0.701947
1.689434
0.586596
1.212745
-1.371288
0.001200
-0.222731
-0.204123
-0.464853
0.032774
-0.286256
-1.996246
0.418235
1.001855
2.106645
-2.041834
-0.380054
0.992537
-0.349710
-0.112324
0.008122
-0.240661
0.688419
-0.889210
0.938861
0.457383
-0.521134
-0.641749
0.172370
-0.581158
0.824094
-1.626360
0.018393
0.045027
1.163226
-0.617184
-0.366627
0.823839
-0.806741
-0.315933
1.370596
-0.527482
0.702672
-0.993281
-0.016558
-0.019677
2.067188
-0.412399
-1.145568
-0.989694
0.057964
1.272092
-0.692519
0.840683
-0.357593
1.204044
-0.943162
0.460062
-0.571483
-0.097016
-1.943379
-0.176286
-0.066289
0.906637
-1.495860
-0.569079
0.339718
0.500931
-0.124761
-0.092052
2.138712
2.997780
2.869836
1.637406
1.491287
2.082265
2.421553
2.549977
3.477447
3.601067
3.501266
2.904076
1.502770
2.180781
2.640431
2.210784
2.716576
2.107015
2.248740
3.243482
4.935083
4.660804
3.075494
2.086569
1.342086
1.497966
0.009244
-0.638602
0.000087
-0.677682
0.471966
-0.959485
-1.794623
-1.209099
-0.488631
-1.432767
-0.575900
-0.233156
-1.604092
0.443292
0.060432
0.368624
-0.236087
0.089246
-1.553363
0.552823
1.798487
0.988333
1.731274
3.060402
1.509348
3.525533
2.996021
2.541939
1.849179
1.442504
1.352419
-0.985331
-0.717576
-2.423525
-3.758942
-4.346659
-3.757884
-3.326611
-4.076777
-4.445369
-5.533629
-6.667563
-7.425345
-5.458345
-2.981355
-2.378932
-1.790939
-1.217496
-0.966026
-0.857488
-0.060544
0.193469
-0.337401
-1.811160
-1.410116
-0.606246
-0.616020
-1.575998
-0.239810
-1.844889
-2.241797
-3.709472
-2.662664
-4.276957
-4.407241
-3.489178
-3.109480
-2.434861
-4.455150
-2.838986
-3.249239
-5.882520
-5.738926
-5.151197
-3.842745
-3.537655
-3.682756
-3.827838
-0.649621
-0.350192
-1.268461
0.743862
-1.035777
-0.522070
0.194037
1.497559
-0.664434
-1.358241
0.412284
1.130718
0.125186
0.177347
-1.862785
0.307147
-0.255940
1.214275
-0.924599
0.104223
-0.653747
0.192490
-0.734051
-1.448293
-1.673591
1.017911
-0.476920
0.742605
-0.415483
-1.105081
-0.808038
-1.053745
-0.258878
1.640788
-1.175162
-0.088483
-0.131795
0.042643
1.161537
-1.487831
1.276054
0.298703
-1.021654
2.013511
0.194278
0.937213
0.649954
-0.852235
-0.857298
0.133916
0.530387
-1.692093
0.097407
0.212118
0.056048
-0.201483
0.906449
1.040358
1.087772
0.309858
2.700264
0.796524
-0.224171
0.199309
0.720575
-0.051701
-0.056176
1.330556
0.922779
2.106415
-1.807683
0.202160
1.310019
0.506021
-2.106847
0.964004
0.105819
-0.461753
-0.294608
-1.211997
-0.912790
0.271728
1.223251
1.793969
-1.091952
0.782862
2.692930
0.824239
-1.338293
-0.422462
0.144301
0.838325
0.323959
-0.652819
0.281750
0.134276
0.424878
1.195804
0.140517
1.301602
0.374273
-0.695501
-0.303950
0.596011
0.348616
0.321401
0.779911
0.251943
0.998297
0.343883
0.836732
-1.046200
-0.708793
-0.810397
-0.383673
-1.835329
-1.099824
-0.534495
-0.325932
-2.100309
-0.773703
-0.159074
-0.531484
-0.026956
0.853682
-1.302833
-1.312806
-0.049042
0.748206
1.409986
0.534583
0.114463
-0.612873
-0.275162
-0.517897
-1.622852
-0.761665
-0.904850
-0.819760
-0.991147
-0.323642
-0.254341
-1.317929
-0.965982
0.705219
1.618116
1.674704
0.753420
-0.226067
0.439030
1.150368
-0.122858
0.636598
1.405655
1.979755
2.782846
2.382811
3.121331
2.592667
1.295769
1.714634
2.704197
1.842429
2.642149
1.449674
-0.836543
-2.650228
-1.568486
-0.985733
-0.649246
-1.053104
-1.135542
-0.071127
-0.169414
0.463844
-0.700385
-0.300633
0.732618
0.382497
0.602083
0.075115
0.461202
-2.057934
-1.303461
-1.411767
-0.636319
0.380889
-0.733258
-1.517197
-2.345498
-2.056245
-1.176422
0.277685
1.379501
3.140564
4.248647
2.690500
2.467818
2.029533
1.684009
1.896750
2.662473
2.480157
0.577364
-1.042372
-0.629850
-0.441354
-0.611796
1.510066
-0.982855
-0.709105
0.137474
1.456310
-0.627748
0.205518
-0.400628
0.494197
0.909987
0.034050
-0.609650
-1.074089
1.405108
-0.253986
1.166256
-0.310793
-0.641665
0.061824
-0.904307
0.065098
-0.356701
0.223312
-0.914760
-0.899963
1.309808
-0.079345
-1.297860
-1.538985
0.310677
-0.302212
0.907333
-0.196169
0.767060
-1.461226
1.694842
-1.409476
0.084441
-0.659876
0.338554
0.429888
-0.489318
-0.189332
-1.002603
-0.094463
0.858324
0.947390
0.427364
0.664680
1.675751
1.009069
-0.889969
0.786196
-1.731581
-0.449412
0.433640
0.094146
-0.048240
0.009081
0.038455
-1.232043
-1.742056
1.649787
1.881985
-1.163388
0.912600
0.299124
2.024167
-1.224492
-2.331711
0.453269
1.523269
1.273914
-1.253826
2.013824
0.731023
-0.461471
-0.170674
0.772924
2.328938
0.629382
0.208847
0.807589
-0.153675
-0.520953
0.030413
1.155045
-0.489731
0.011729
0.356775
-2.464601
0.126520
-0.861154
-0.683215
2.259985
1.738248
1.698149
2.920859
1.925105
1.604320
3.387419
4.544952
3.806732
3.925930
2.923561
3.485212
3.777154
1.551008
0.808052
0.277216
-1.036616
0.296913
-0.238777
-0.324716
0.884975
2.117688
-0.927607
-2.359733
-0.934173
0.241674
0.628616
1.446447
2.348395
1.606707
1.621945
1.063927
1.161636
-0.206537
1.915590
2.105335
1.321339
1.875301
2.318510
2.304682
2.294763
2.948421
2.432800
1.238396
0.895490
1.124442
-0.311651
-2.989981
-2.311188
-2.173218
-0.688622
-2.783593
-2.163805
-2.844391
-3.571368
-3.004212
-4.247678
-3.677752
-3.140812
-1.233697
-0.420024
1.471393
1.368699
0.868220
0.921067
-0.760709
1.214915
2.794230
2.252932
1.311922
-0.012212
0.125574
-0.270552
-0.802087
-0.142825
0.425225
-0.654899
-1.168538
-2.170311
-2.692827
-2.641578
-2.697869
-2.566450
-2.760828
-3.807418
-4.919861
-4.250475
-1.664810
-1.754102
-1.269160
-1.587813
-0.796023
-2.813778
-3.663031
-2.305419
-2.888670
-0.592644
-1.434080
-1.253480
1.360845
-1.384569
-1.050368
-0.035868
-0.793560
0.124815
0.218887
0.995403
-0.216790
0.111875
0.867361
0.940311
-1.335253
-1.675983
0.447456
0.100314
-0.976307
3.235215
0.468319
-1.012053
0.801235
-0.104383
2.398202
0.251810
-0.306025
-1.529294
-0.433599
1.371354
0.492431
1.226552
0.281237
0.167204
-0.793864
-0.049020
-1.341868
-0.765906
-1.280116
-0.617484
-0.558123
-0.319375
-0.470068
1.919118
-0.331527
0.777221
-0.241923
0.213114
1.116527
0.547593
1.320414
1.004258
1.478306
-0.360287
0.892942
-0.326958
0.840403
-0.735249
-2.959619
0.506595
-1.918987
-0.003819
-0.685807
1.025381
0.762436
-0.314726
-1.425093
-0.077627
-0.357466
0.039890
1.154182
0.707438
-0.085962
1.723308
-0.100794
-0.513828
0.059863
-0.761976
-0.166015
0.667517
0.085349
1.838733
1.453862
-1.756206
-1.165169
0.718439
1.430585
0.243125
-0.307141
-0.750235
-0.556423
-1.627732
-1.109746
0.380422
-0.580329
1.910545
1.085993
0.416095
0.162423
1.375825
-1.218899
-1.839636
-0.735269
-0.991927
-1.382589
-1.603877
-0.862948
0.664004
0.373510
-1.003528
1.307082
1.184189
1.047513
0.486337
-0.874805
-1.089741
-1.838220
-2.406581
-1.181093
0.439182
0.930846
1.691520
1.221377
1.889014
2.914615
2.646063
3.815970
3.431245
3.021146
3.445104
4.983539
2.390556
2.533426
1.783543
0.641149
0.774833
0.030775
0.173814
-0.049808
-0.566984
-0.213638
-1.929675
-0.994327
-1.102741
-1.536814
-2.144383
-3.628486
-1.923357
-0.745236
0.940690
0.056261
1.125353
0.003919
1.664354
0.935632
1.133839
-0.001796
1.302188
1.928881
1.836784
0.734107
1.437229
-0.414842
-0.000649
-1.682337
-1.651738
1.052637
0.770870
1.941056
0.416493
-0.267619
-0.616534
-1.399098
-1.953536
-1.800455
-1.552877
-1.870550
-2.502941
-3.821327
-4.104168
-4.040847
-4.102530
-4.073177
-1.120100
-1.786196
0.250211
0.185689
2.651404
1.306863
2.404902
3.076449
1.754816
2.994450
3.500857
2.640611
1.310924
3.082036
2.146165
-1.392277
-0.107519
2.689753
0.241377
0.013643
-0.727229
2.414214
-0.088335
-0.065424
0.118173
-1.207336
-0.134626
2.192692
-0.114702
1.446123
-0.374404
0.350360
0.876665
-0.680390
1.627644
1.442089
-0.826860
1.438064
1.106025
1.708229
1.700938
0.269861
0.577268
0.483844
-0.686893
-1.200122
-0.178242
0.845210
0.161812
-0.263827
0.300813
-1.375634
-0.181229
0.027069
-0.540110
-0.230103
0.301993
0.138050
-0.388756
1.874905
-0.573449
-0.727830
0.359019
-1.867902
1.043904
-0.323792
-0.468255
0.375827
-1.084059
-1.013313
-0.484429
-0.779169
-0.455527
1.437651
0.614091
0.159642
-0.242605
-2.334813
-2.134716
-2.070137
0.573644
-2.596757
-0.973944
-0.881476
0.662580
-0.064596
-0.275023
1.069305
-0.064608
0.580759
-0.203101
1.898971
-0.295895
-0.593920
-0.882939
-0.632525
-1.532955
-0.065488
0.085925
0.412047
0.180307
0.827560
-0.633336
-0.160942
0.877090
-1.598605
1.439144
-0.702870
-1.168069
-0.346231
-1.638066
-0.380277
0.439449
2.571288
-0.438192
0.185918
-0.057647
0.180347
1.467331
-0.563071
-0.857641
-0.428489
-1.073515
-1.237961
-1.145589
0.241258
1.136336
0.885855
1.255872
1.017787
0.340265
-1.083280
-1.126597
-0.240860
-0.043942
2.139050
1.579052
2.196403
2.324890
2.416148
3.006812
4.811086
4.460354
5.442490
5.074418
3.036708
3.768745
2.902795
1.782746
0.908234
-0.235363
0.351100
0.063143
-0.447559
0.157816
-0.176409
2.310998
-0.582134
-1.211079
0.751053
0.748322
2.098887
0.148079
-1.153232
-1.691047
-0.388341
-2.881035
-3.119225
-2.659105
-3.281949
-1.785148
-1.896547
-3.001223
-1.338370
-0.482683
0.025420
-0.103197
-0.575320
-1.433602
-2.850787
-3.537846
-2.840363
-1.691902
-1.377724
-1.792341
-1.376388
-0.477392
-1.047255
-1.607672
-0.806660
0.086166
0.352424
-0.122614
-1.479011
-0.562409
1.293904
0.601227
-0.778059
1.368859
1.759469
0.884246
1.489685
1.821772
2.116643
2.391918
2.367211
1.817358
2.358236
1.156293
-0.812404
-1.303697
-2.193461
-2.083448
-1.196217
-2.185750
-2.270490
-0.614926
-1.204678
-0.568095
-0.163004
0.393945
-0.986270
-0.547079
-0.947674
-1.450187
-1.608227
-1.517519
-1.449969
-1.054477
-0.752523
-0.718732
-0.431904
-0.298860
0.029855
0.864041
-1.533004
0.018904
-1.577909
-1.958971
-0.948330
0.472234
0.732875
-1.929228
-1.236896
-0.363522
-2.098464
-0.827241
-2.496304
-0.023292
0.799237
0.984891
-0.844967
-0.587491
0.081058
-0.410374
0.356076
1.206411
0.839857
1.290906
-0.059670
0.623297
0.906072
0.239013
2.731802
0.752913
0.426115
-1.644627
1.134197
-1.399652
0.078867
-0.484409
-2.627865
0.419059
-0.482148
0.921854
0.054170
0.277198
-0.653912
0.679563
1.421920
1.043358
1.261860
-1.119402
-0.412535
-1.173933
-1.023746
0.796547
-1.441878
0.042112
2.311965
1.523803
0.456519
-0.172747
-1.442038
0.654825
0.725297
0.347484
-0.030632
-1.992651
1.269637
0.844167
0.846958
-0.726151
-0.438876
0.406139
-0.698532
-0.750906
1.729100
-0.881683
0.157437
0.764937
0.531816
0.745488
0.922071
1.565746
-0.548062
0.564238
-0.051391
-1.843005
-1.908078
-0.253155
-0.662484
-0.634301
0.225640
-0.854725
-1.843518
-1.235977
-0.938623
-2.100313
0.550003
0.622338
0.582732
0.347514
-0.590699
-0.000498
-0.385406
-0.058195
0.192247
-1.163416
-1.167748
-2.211043
-2.929380
-2.935739
-1.570220
0.006876
1.759725
2.011969
3.008861
1.953269
2.580391
3.056726
3.791008
1.541427
0.626204
-0.994798
-1.151799
-0.381065
0.368952
1.625110
2.484605
2.947518
3.310919
2.315032
2.525677
-0.203931
0.197664
1.695829
1.060636
1.209353
1.711070
1.375826
1.565129
-0.063832
-1.697342
-3.536772
-1.471012
-0.843666
-0.014323
0.690771
0.927287
2.274149
0.599362
-0.828102
-0.012444
-1.166878
-1.395634
-2.383793
-1.294212
-1.919889
-1.504433
-0.175624
2.548511
0.964580
1.415531
2.707887
0.658503
-0.541607
-0.535577
-1.606596
-1.236286
-1.710540
-1.793170
-0.512105
0.144895
1.829219
0.453739
1.641058
0.010406
0.260387
-1.534644
-1.057435
-2.899191
-4.523728
-4.935617
-3.034840
-3.678854
-2.617619
-0.747576
-1.159513
-1.718556
-1.932912
0.180433
0.145209
-2.994231
-0.779788
-0.764758
-2.157395
0.307711
1.170008
0.401382
-1.834566
1.202520
1.333997
0.502533
0.989756
0.491980
0.664429
1.768038
1.804386
1.307506
0.018654
0.931557
0.867649
0.017525
1.551536
0.587455
0.295822
0.098766
2.253870
2.075680
1.409899
-0.202866
0.841062
-0.293653
1.031815
-0.386628
-1.473443
1.489420
1.816720
0.605287
0.641255
1.594687
-0.514084
-0.063072
-0.395351
0.243618
0.136662
1.312067
-0.100716
-0.063076
-0.574774
-1.215294
-0.683273
-0.215315
0.286895
0.804505
-2.042583
-0.581590
-1.442914
-2.007518
-0.958146
-0.094560
-0.348370
0.802776
0.498263
0.671364
0.646687
-1.513947
0.637927
1.778213
0.544531
1.501781
2.533181
1.981298
0.814675
-0.746231
1.135988
0.707230
0.985381
0.153549
-0.042358
-1.081658
1.477612
0.544557
-0.828909
0.411974
-0.353003
-0.524809
0.688383
1.852202
1.343515
-1.068043
-0.538794
-1.472129
-1.077257
0.685259
-0.127750
-0.156621
1.550144
0.799264
-0.137069
1.145347
1.279805
1.359198
-0.484752
-2.221914
-1.921281
-1.723472
-1.000425
0.430260
0.508260
0.690427
-1.194172
0.765016
-0.750480
0.406828
0.480040
-1.044387
-0.306424
-0.731599
0.601226
-0.228189
0.175064
-0.325335
-0.208170
-1.201416
-1.545890
0.066262
1.185845
2.217728
2.189618
3.231852
2.335117
3.159673
0.763226
0.336105
-1.792937
-0.976047
-1.007010
-0.204730
-1.122001
0.643815
0.426204
1.025780
0.211494
0.425389
0.323965
-0.176858
-0.010462
0.593562
0.709325
0.156345
0.339304
0.396569
2.371452
1.595243
1.515625
1.027054
1.330582
1.633427
0.173164
0.594332
-0.533611
0.562889
0.899330
-0.211514
0.265778
-1.172972
0.249305
0.666658
-0.144589
2.675197
2.361720
3.278668
0.553566
-0.835106
-1.122787
-1.397569
-1.151549
-1.009200
-0.567992
-0.900292
-1.008003
-2.571930
-3.338893
-2.588485
-2.077123
-1.913236
-1.717522
-2.007343
-1.840679
-0.530576
-2.099165
-3.492538
-3.464316
-3.374256
-3.173851
-2.627802
-1.656684
-0.651710
1.743030
1.298614
1.021708
0.490493
1.658341
-1.648610
-1.094092
0.258809
1.392336
1.129356
0.068919
0.873208
-1.256722
1.152249
0.479329
0.555689
-0.366502
2.533965
-0.310866
-0.585364
-1.674037
-0.944062
0.518430
-0.187753
0.244735
0.025491
-0.107990
-0.192907
-0.828330
-0.229501
-0.585458
0.389132
-0.978999
-0.384822
-1.902724
-0.697754
-1.268908
0.035404
-1.074097
0.263233
0.339273
-0.880510
0.474973
-0.866199
0.712204
1.064951
1.225019
0.554084
-1.376476
-0.461074
-0.066737
1.883385
-0.187642
-0.389390
-1.031116
-0.602674
1.304604
2.166647
-0.208918
2.709354
2.713639
0.142544
1.022224
-0.416085
-0.039464
-0.124311
0.434693
-0.438990
-1.503294
0.273168
-0.286959
-1.740423
-1.453511
0.070546
0.048541
-1.010767
-0.391872
0.118741
-1.185305
-0.928757
-2.297740
-0.745334
0.473193
-0.361652
0.020809
-1.040935
0.664363
-0.213963
-0.866810
0.268719
-1.614097
-1.795391
0.382998
-0.771923
0.224186
0.782053
0.008041
1.317270
-1.200043
-0.127461
-0.728014
0.260802
-0.403022
0.999027
0.321570
-0.895724
-1.075727
-2.975424
-1.069474
-1.623154
-2.333377
-3.173940
-2.510949
-1.102902
-0.665434
-1.628990
-2.245592
-3.562011
-3.860878
-3.762309
-2.653478
-1.305777
-1.538932
-2.175106
-1.981790
-0.666186
0.289760
0.201967
0.865489
1.112986
1.799146
2.981139
3.564778
2.589140
0.676974
0.331715
0.414632
0.275240
0.949740
-0.270409
-0.073703
-0.702594
1.784970
1.050536
1.639813
1.739736
-0.281173
-0.789885
-1.829375
-2.382664
-2.913688
-3.037357
-2.261476
-1.404435
-1.951977
-1.856546
-1.041331
-0.324194
0.129386
0.972880
2.433865
0.951609
0.628261
0.507080
0.286898
-0.187753
2.007406
1.655029
4.130861
2.821574
1.499471
0.165273
0.562879
1.033185
0.610831
1.316918
2.107919
2.066566
1.875735
1.660168
1.285686
0.346038
-0.919829
-1.212118
-1.270401
-0.678239
0.826108
0.442480
0.252186
0.899774
0.429236
0.563118
-0.162060
-0.799944
-1.136972
-0.728094
-0.759525
-0.200242
0.135670
1.231097
-1.253951
0.230111
0.515645
0.848865
1.115513
0.367802
-0.439885
0.121434
1.030557
-0.164992
-0.063953
0.077636
0.593104
0.663132
0.249890
1.904814
0.727082
-0.689132
1.512084
0.784738
0.674809
-0.823592
0.637619
0.439792
1.568560
0.975831
1.848010
-0.060230
-0.924438
0.741961
0.601467
0.233436
2.096185
-0.654450
-0.037447
1.319388
-1.589144
0.286611
-0.541659
2.296495
-0.204558
-0.380764
-0.325450
0.444694
-1.231410
0.865443
0.264446
0.258942
0.753596
-1.378372
1.307129
0.232559
1.798732
0.572583
-0.907216
0.514470
-1.872298
0.880759
-0.130461
1.995028
-2.411022
-0.766055
0.082049
-0.483933
-0.666178
0.264010
-0.289778
0.134032
-1.531853
1.394075
0.452638
0.160270
-1.101968
-0.183174
-0.265164
0.019523
-0.943797
2.154293
0.910293
-0.549149
0.230165
-0.242869
0.952284
-0.318059
1.261183
0.242451
-1.762288
-1.880445
1.128344
1.814438
-1.031749
0.685248
0.099088
-1.060212
-0.130760
0.639655
0.015724
0.296576
0.204147
-0.689972
0.101799
-0.520801
-0.213769
1.167599
-1.034005
-0.205334
-1.522811
-3.150489
-1.563779
-1.800782
-1.210855
-1.848220
-2.580161
-2.077391
-2.401189
-1.772018
-0.478585
-0.171408
-0.666951
-0.207211
-1.541291
0.163584
0.604843
1.013569
0.551627
0.316527
-0.869671
-1.787729
-2.499976
-2.583847
-1.873324
-1.242819
1.127242
1.687285
0.875470
1.492779
2.377975
3.375308
2.253646
1.664035
1.722002
1.707648
3.832962
3.908193
2.703588
2.793361
1.678100
1.497713
0.828342
1.630403
1.033172
1.578902
1.658655
2.506815
2.223213
2.226713
3.554537
3.048994
2.777839
3.556254
2.720493
0.732113
1.350766
0.833735
-0.741643
-0.785164
-1.877774
-1.608083
-3.274296
-2.926703
-2.604940
-3.307811
-1.764580
-1.201402
0.104819
-0.121270
1.007127
0.992758
-0.965270
-2.832012
-2.486480
-4.028365
-2.625788
-0.930096
-0.456297
-0.297811
-1.292426
-1.218365
-1.537792
-1.197580
-1.083397
-0.440964
-0.176351
-0.614127
-1.141960
1.272005
1.152596
2.016699
1.049467
2.272631
1.410885
1.776463
0.361699
0.248429
1.196178
1.005425
-1.183577
0.025261
1.502693
1.080713
1.846295
0.001242
0.144018
-0.124193
-0.078435
1.563833
-0.531705
-0.830182
0.392871
2.083977
-0.621893
-1.239273
-2.242691
-0.107560
-0.908550
0.490464
0.042354
0.074129
0.040664
-1.171311
-0.356529
-0.979307
-1.785741
-0.246399
-1.056406
-0.648664
1.953456
-0.456553
0.643386
-0.106369
-0.363900
-0.576902
0.592156
0.481459
1.368774
0.382015
0.671155
0.229405
0.909313
1.576701
-0.514558
-1.636076
-0.329396
0.095273
-0.946578
-1.340481
0.074652
-0.481222
-0.638521
0.011050
0.942091
1.729057
1.533143
0.023520
1.500035
1.404651
1.282364
0.256166
1.161805
-0.625916
-0.852025
2.629747
1.902143
0.816607
0.656333
0.174923
-0.160823
0.719151
-0.113064
-0.915851
1.009457
0.621303
0.206016
-1.402903
0.566048
-1.135360
0.289078
-0.732012
-0.483291
-0.525718
-0.893742
-0.284002
1.375428
1.134314
-0.382215
-2.128003
-2.194759
-2.463176
-1.501029
-3.913152
-1.895085
0.066740
-2.284875
-1.822219
-2.815397
-3.133153
-3.824394
-2.000752
-1.350636
-1.688841
-2.672695
-3.245088
-2.176493
-3.185293
-3.624413
-2.573537
-2.034157
-1.535839
-1.072904
-1.619747
-1.625015
-0.571279
1.123652
2.405370
2.203838
2.265990
1.021027
1.503274
2.352086
2.594181
4.201078
2.796066
1.148171
0.762755
0.848596
-1.167955
-1.042918
0.736527
1.385162
1.790060
2.138649
3.824162
1.814495
2.280230
1.528067
0.688711
0.853629
1.456819
1.809573
0.708428
0.121535
-1.130307
-1.792914
-1.650079
-2.283489
-2.084531
-1.962412
-2.462033
-3.337006
-4.718401
-4.099039
-4.588626
-3.503496
-2.965789
-3.768306
-4.277495
-3.557626
-1.316534
-0.897107
-0.414571
2.410572
2.764197
0.730457
-0.519157
-0.263679
-1.166957
-1.913664
-2.132205
-1.414654
-1.004628
0.051199
-1.042720
-0.360814
0.352127
-0.243456
-1.220469
-1.244325
-1.479561
-1.470917
-1.613075
-1.386025
-0.811753
1.375546
-0.092610
1.022799
-0.984822
-1.203062
0.998074
0.008932
1.051607
-1.388972
0.793696
-1.011357
0.012655
-0.288099
-1.779840
-0.239450
-0.512234
0.494078
-0.862360
0.950843
1.129677
-0.193779
-1.375682
-0.191847
1.154871
-0.225350
0.157377
0.451844
0.182535
-0.204391
1.451185
-0.902917
-1.472365
0.725343
0.600878
1.334716
-1.562047
0.147094
-1.267410
0.294968
-0.762384
-0.015988
-0.199456
1.268335
-1.519100
-0.435637
-0.799865
-2.065715
-0.487467
-0.015833
0.867102
-1.543167
-0.892149
-0.999218
0.137918
-0.142130
-0.462857
-0.767341
0.508715
0.552482
1.088909
1.852267
-1.642662
-0.572763
-0.099335
-1.785717
0.202424
-0.814747
0.350732
-1.411177
-0.181045
0.201611
-0.050131
-0.446121
1.123336
0.287209
1.515863
0.575711
1.950852
-0.355037
-0.254336
-0.541804
0.190309
0.455475
0.497221
1.918018
1.736175
-0.927129
-0.499835
-0.328318
-1.211648
-0.071470
-1.506739
-0.702362
1.192631
0.480870
-0.387056
-1.141668
-0.228777
-0.327978
-0.993921
-1.677958
-0.929410
0.373115
-1.204782
-1.058796
-1.881768
-1.932215
-2.701189
-3.242805
-0.399921
0.715104
1.275791
-0.369542
1.031499
0.870677
1.980536
0.363667
0.196363
0.964359
2.038847
0.753326
0.766195
1.275258
0.658533
1.357467
1.700279
2.762661
1.911493
2.180399
1.693699
2.483978
2.226695
1.124276
1.111890
0.439024
0.470435
0.329124
0.738857
-0.446629
-1.018502
-1.663944
-2.439807
-2.698481
-1.937189
-3.769671
-5.568486
-4.678331
-3.101117
-3.740419
-0.591291
0.667593
1.233792
2.561637
3.421437
3.748093
2.640066
3.288114
4.056288
3.668103
2.358049
4.876864
3.576413
4.349014
3.380512
3.523835
2.974073
2.485179
-0.334237
-2.175327
-1.418449
-1.413000
-2.676477
-2.660320
-2.902769
-3.456861
-4.071027
-4.458143
-4.032640
-4.700485
-4.165743
-3.277021
-4.315692
-1.627571
0.208967
0.050333
0.438211
0.423882
1.102121
0.154618
1.900479
1.231675
1.076668
0.024024
-0.477289
0.844198
0.274848
-0.435395
0.014469
-0.455254
0.714191
-0.938131
0.517269
0.339077
1.582815
-0.971410
0.752962
0.105421
0.509765
-0.229861
1.487520
0.354916
-0.498785
-0.237215
0.350049
-0.623318
0.621624
-0.415223
-2.953913
-0.599705
0.305363
-0.908935
-1.008532
1.365086
3.066695
-1.835724
-1.229450
-1.401708
1.393383
-0.405370
0.020198
0.497413
1.023771
1.281361
1.447137
1.238361
0.757254
-1.241244
0.636282
-1.091891
0.305013
1.271149
-0.600329
-0.218378
-0.317042
0.102983
-0.695771
0.455655
1.658933
0.537749
-0.156591
-0.289089
-1.347108
-0.235427
-0.414371
1.265990
0.823915
1.091921
0.488731
1.129771
-0.713712
0.435477
-1.867524
-0.732629
-0.415095
2.297980
-0.811219
1.951449
-1.620536
-1.555234
-2.085570
2.601934
-1.491106
-1.822291
-0.280948
-0.405229
0.284437
0.734128
-1.369909
0.304557
-0.804238
1.436994
0.933087
-0.988560
-0.415739
0.341531
-0.918559
-0.217700
-1.145462
0.084687
-0.308085
-0.814174
-2.404944
-0.059551
-0.871199
0.456985
-1.410856
-0.442820
0.564029
2.576095
1.885275
3.168012
3.429341
1.802286
1.413101
3.504237
2.887156
2.913343
2.689695
4.587537
5.817597
3.071343
1.498518
-0.603208
0.221818
1.270458
1.639844
0.870541
0.217504
0.506112
0.243467
0.961581
0.323819
2.000132
2.004757
1.569771
2.230705
0.691340
0.714353
-0.721464
-0.639019
-0.437561
-0.014135
-0.879052
0.011830
-0.153182
-0.459669
-0.367591
-1.442784
-1.496374
-0.678561
0.070098
0.068101
2.091733
2.428129
2.260476
1.124030
1.158419
0.989334
-0.281221
0.138672
-0.436650
0.461255
-0.085763
0.249313
0.266824
1.791328
0.759931
0.579529
-0.166863
-0.652443
-0.203908
-1.846014
-3.041236
-2.884328
0.133677
-0.043823
0.601678
2.619605
1.299233
2.402190
0.770057
0.966904
2.298970
1.784261
0.754257
-0.316374
-0.498518
0.631081
-1.240949
0.207196
-1.301927
-1.746262
-2.671979
-1.172691
-2.792192
-2.468463
-2.665676
-2.397815
-3.224765
-2.239904
-2.074400
-1.947938
-0.580611
-0.071928
-0.431057
0.145360
-0.304603
0.787251
1.894801
1.763866
0.317148
-0.602054
0.485825
0.227369
1.590387
1.280335
-0.590749
0.886579
1.022687
-0.632232
0.538370
1.960575
1.412910
-0.819489
-1.041957
1.125837
-0.926066
-1.422915
-0.094362
0.160206
-0.977705
-1.242127
0.235848
-1.584784
-1.119422
0.071630
0.222490
0.060324
-0.423842
1.287219
1.027056
-0.258088
-2.668734
0.173366
-0.327231
-0.289709
-0.930431
-1.525929
-1.193210
-0.615737
1.807649
1.414197
0.218691
-0.484428
-1.046669
0.630955
0.850566
-0.105290
-0.055490
1.044453
0.347664
2.296251
0.974445
-1.020853
-1.456502
1.528568
-1.060373
0.037526
-0.037157
1.078026
-0.399551
1.105891
-0.558977
0.981332
-0.485622
1.948674
-0.725393
0.001209
-0.647255
-0.680661
-0.361349
-0.047121
0.737640
2.804791
0.453210
0.690248
-0.571571
-0.964483
0.726258
2.143285
0.945325
1.274768
0.781207
-1.850493
0.080001
0.140146
0.920531
0.652489
-0.199605
-0.195875
-0.520655
0.843438
0.823794
0.983901
1.786480
-0.401035
-0.842979
0.712245
