0.000000
1.241981
0.547383
-0.907719
-0.375457
-0.826737
-1.258519
-0.195048
-1.385480
0.354624
-0.461733
1.350186
0.378865
0.120653
-0.376139
-0.680070
-1.570023
-0.295369
1.310651
-0.350510
0.345299
0.001443
-0.941857
-0.960529
1.871274
-1.701759
-0.344608
1.638114
1.060795
-0.625445
0.208617
1.951260
-0.112808
-0.690554
-1.557443
1.444786
0.244512
-0.315909
1.102837
0.012612
0.315527
0.435534
-0.439764
-0.424748
1.885238
0.538028
-0.594108
1.001930
-0.041348
0.904746
-0.248619
-1.198523
1.168151
-1.241806
-1.227785
-1.294643
-1.760757
-0.367589
0.491051
-1.188215
-0.373893
-1.828642
-0.304278
-0.447376
-0.679793
0.798115
-0.320994
-0.233378
-0.918883
-0.164569
1.388556
0.601768
1.542741
0.594880
-0.081461
1.558305
-0.645694
-0.354688
-1.517151
0.119072
-0.438141
-0.923518
-0.957147
1.026163
-1.459571
-1.581561
1.764046
-0.598082
0.752656
1.375957
-0.046500
-0.863645
0.526591
1.809292
0.340441
-0.465315
-0.935289
0.087242
-0.405221
-1.320651
0.282114
-0.205468
0.294326
-0.285803
-1.264780
-0.269545
-0.734949
-1.040302
-1.099452
-1.474495
-1.929554
-1.922840
-1.685167
-1.648774
-1.131812
-0.583958
-0.107142
0.159240
-0.842991
-0.779975
0.095114
-0.510958
-1.351327
-0.747563
-1.183129
-0.723937
1.460592
1.961115
1.864191
1.712548
0.438162
0.307880
0.555665
1.563703
3.454573
1.226468
2.253283
0.472211
0.068875
-2.114344
-2.689283
-2.359356
-1.010179
1.399277
0.134233
-0.484326
-0.932644
0.044480
-1.222274
-2.007221
-1.800559
-2.952595
-4.025385
-3.001313
-1.943912
-0.354273
0.196844
-0.521374
-0.382926
-0.345081
-1.724125
-2.799031
-1.592312
-1.259980
-1.630105
-3.099624
-1.862219
-2.317517
-2.347037
-1.689671
-1.791417
-2.393197
-2.133326
-0.713361
0.474695
0.495007
0.063510
-1.145273
-1.590276
1.114583
1.371817
0.062950
1.805950
2.335872
2.273199
3.013743
0.570699
-1.186971
-0.469256
-1.398943
-1.169914
-1.857751
-1.078829
-2.746300
-1.642246
-1.112392
0.842534
-1.217095
0.654280
-0.684582
-1.570294
-0.181410
-0.886872
-0.600736
-0.401190
0.049850
-1.272546
0.271649
-1.094556
0.715008
0.255128
0.368907
0.498691
1.642259
-0.187283
-0.422478
-0.189519
0.763333
1.011721
0.597693
0.355459
-0.042858
2.508408
-0.038740
-1.107481
-0.649005
-1.903192
0.295221
0.081554
1.219236
-0.097293
-1.101710
1.311351
-0.759710
0.123587
-0.706456
-1.410783
-0.226639
-0.953386
-0.795323
0.971850
-0.475082
2.010941
1.540814
2.039584
1.110555
0.955676
0.282247
0.356352
0.237898
-0.170401
-1.433265
-1.117521
-0.875616
-0.032525
-0.878538
0.302394
-2.184203
-1.499054
-0.087240
-0.246704
-1.252807
0.558549
-0.613723
0.022203
-0.404233
0.669283
-0.055540
-0.289924
0.024142
-0.364316
-1.179923
-1.171499
-0.829836
-1.134421
-0.146605
1.560518
0.968789
-1.174323
0.536924
-0.231003
0.405808
-0.076657
0.246256
0.684778
-1.888209
-0.832964
-0.503621
-0.183871
1.250696
0.956729
-0.624305
0.431252
0.056583
-0.234704
1.371740
1.406763
1.571390
2.058205
0.640523
1.367095
0.529058
-0.384752
-0.473821
-0.358016
-0.311448
-0.791572
-0.137252
-0.003478
0.272246
0.935186
-0.031552
0.237625
1.709494
2.593888
3.321445
0.094154
-0.323425
-0.395126
0.122241
0.358757
2.152771
1.801947
0.358972
-1.162873
-0.570500
0.607343
0.273248
0.115860
-0.612378
-1.209331
-0.239003
1.841572
1.280921
0.022387
-0.631836
0.265799
0.207640
1.755336
1.224828
1.840650
2.179881
4.015260
3.039492
2.647047
1.482219
1.418000
-1.631037
-1.796108
-1.225864
-1.890031
-3.399832
-4.944594
-5.318205
-4.091930
-4.123866
-2.325392
0.035849
-0.348000
-0.466564
-1.848004
-2.258054
-2.598737
-2.066766
-0.259409
-0.666890
-0.551575
-1.532070
-1.424430
-0.490791
-1.045594
-1.863105
-1.787528
-1.177477
-1.086248
-1.444802
-1.722651
-1.492866
-3.245134
-3.141262
-3.306887
-4.334063
-4.376955
-3.944715
-2.712506
-3.963198
-5.893384
-4.125005
-2.830722
-1.135122
-0.516222
0.553974
1.748940
0.593197
0.016644
0.937958
0.468778
1.294563
0.516521
0.044191
1.213875
-1.053185
-1.023766
0.366678
-1.236985
0.065577
-1.872231
-1.018843
2.802474
1.615477
-0.126604
0.251664
-0.954120
0.747424
0.692354
-1.685424
-0.527396
-0.111864
1.553781
1.651480
1.423327
2.214160
0.608965
-1.512836
0.136737
0.679806
0.633154
-1.576906
-0.145390
-1.813793
-0.275451
-1.023720
-1.016397
-0.935805
-1.456175
-1.982015
0.239313
0.804609
1.421072
0.653598
0.180497
0.290607
0.482365
-0.228448
0.461874
1.747592
-0.336987
1.250006
-1.393043
-0.113393
-0.414454
1.166530
-0.831026
-0.037250
-0.658136
-0.839518
1.429845
-0.499759
0.583075
1.449961
-0.015132
0.243145
0.618882
0.782008
-0.957800
-0.113029
0.011821
-0.287779
-0.505579
-0.324983
0.598090
0.206988
1.143584
0.263403
-0.487312
-0.270374
-0.745204
-0.688779
1.073850
-0.744994
-1.222451
0.074784
0.949384
1.834895
1.028932
-2.442868
-2.100625
-1.178120
0.130549
1.241333
-0.585211
0.012704
-0.269829
-0.692223
-0.140704
-0.416098
0.570450
-0.280476
0.584738
-0.324303
-0.047732
-1.279307
-0.702792
-1.754309
-1.368988
-2.241266
-1.694884
-2.542866
-2.557271
-2.173720
0.382907
1.666607
1.179900
-2.117042
-4.130865
-3.517105
-3.808085
-5.738014
-6.221213
-5.567409
-4.416746
-3.266710
-3.012100
-4.515980
-4.398135
-1.664316
-3.634679
-1.146829
0.030268
0.120731
0.515127
-0.251064
0.490270
0.866710
-1.095419
-0.576212
-1.655216
-4.007224
-4.092692
-5.918993
-4.992502
-4.254185
-2.940229
-4.059938
-5.063313
-4.807212
-6.009682
-7.274628
-7.526840
-5.954284
-3.968490
-4.359766
-4.623615
-3.801724
-3.775902
-4.370339
-5.671579
-5.044504
-5.223590
-5.317319
-5.731419
-5.310035
-3.900824
-2.451881
-1.196479
-0.176423
-0.004830
-1.222268
-1.585632
-0.351524
0.306420
2.232966
1.644081
1.405243
2.918478
0.775011
0.634408
-0.633441
-1.060702
-3.139608
-2.233518
-0.552467
-0.688286
0.066361
-1.587264
0.021106
0.253465
0.876345
1.206233
2.353330
0.885312
1.213561
2.404262
-0.030391
0.716440
0.600708
0.293695
1.133559
0.288101
-0.141906
-0.990213
-0.925022
1.723826
0.319599
-0.128460
-0.022210
0.052447
-0.236717
0.188678
0.163489
0.326992
-0.594532
-1.091652
-0.059961
0.885965
0.124269
0.233230
0.084957
0.310525
0.005896
-0.075139
0.407672
-0.968382
0.988385
-0.021870
1.122576
-0.666057
-0.223793
0.772107
0.923813
0.592556
2.580471
-0.234633
0.288039
0.281486
-0.590290
0.704599
0.790884
-0.959796
0.076071
0.490941
0.419250
-0.128010
-2.344304
-2.962246
-1.446604
-1.360014
1.100797
-0.052146
1.505132
-0.065323
1.229496
0.948771
-2.199049
-0.692615
0.963540
-0.268989
-0.676492
-1.062729
0.459697
1.237128
1.327775
-0.872362
-0.203312
1.086150
-1.600245
-0.184589
1.366310
-0.917611
-1.620889
0.366222
0.490207
0.192793
-1.356100
-0.218121
-0.636011
1.241151
0.438450
-0.958288
0.460347
-0.034224
1.179627
0.280709
-1.017251
-0.361349
0.002046
0.411274
2.245345
-0.914618
0.072539
-0.019294
0.189732
1.311936
0.314945
0.142829
0.153634
-0.180688
0.089008
0.234490
0.123980
-0.087602
0.647156
-0.270246
-1.178017
-1.176316
-1.195246
-2.555316
-1.097438
0.438336
0.059118
-0.127004
-0.357174
-0.790689
-1.554583
-1.293130
-1.215149
-1.040680
-0.659579
-0.924683
-1.004896
0.314938
-0.695503
0.028383
0.444377
1.973215
1.222898
-0.202798
-1.248278
-1.815825
-1.737622
-0.793540
-0.782481
-1.341979
0.032640
0.655520
1.083768
1.498054
1.216536
1.391207
1.689967
0.565500
-0.991693
-1.744506
0.065951
-1.328004
-3.124677
-2.566826
-2.382415
-2.879471
-1.739036
-1.334243
-2.390898
-3.334653
-2.602681
-1.768051
0.679321
0.892831
0.347759
-0.688968
0.057534
-0.446557
0.011004
-0.433116
-1.299871
-1.166004
-0.247366
0.362304
-0.080593
0.989792
0.822667
-0.191798
0.385288
0.322527
0.017607
0.360865
0.538946
0.822735
0.435431
-0.537560
1.266915
0.476019
0.511391
1.447289
0.569808
-0.789799
-0.220421
-1.916064
-2.210941
-1.497300
-0.965734
0.570810
-0.099564
-1.979428
-1.435413
-0.533398
1.296857
0.062021
-0.339348
0.857731
0.460216
0.342099
1.939037
0.042453
-0.938215
-1.627812
-1.398072
-1.265229
0.561579
0.603818
1.648460
-0.065088
0.667484
-0.940238
1.771965
0.907420
0.516691
-0.171007
-0.279160
-2.450179
-1.537615
-0.336976
1.285855
-0.235232
-0.158828
0.615857
1.068558
-0.448021
-0.618384
-0.912832
-2.834870
-0.502237
1.936514
0.382199
-1.096426
1.576492
1.875565
-0.323357
-1.725468
-0.665141
0.870990
0.818498
-0.766253
0.208141
0.791430
-1.562561
-1.001638
-0.208714
0.359951
-1.215499
-0.510746
-0.505752
1.402067
-1.168279
0.707876
0.576534
0.600381
1.005020
-1.251256
0.564553
-0.340706
0.007245
-2.151117
-0.632714
-0.615919
0.455435
-1.359678
-0.615723
0.029409
1.872111
0.408005
-1.345105
-0.099238
-0.296482
-0.693650
-0.087375
-0.821341
-0.285060
0.103494
1.160422
-1.132651
-0.865904
1.001671
1.103356
0.114910
-0.376967
1.101473
-0.251936
-1.257833
-0.351648
1.201262
1.072124
1.806670
-1.251139
-1.171127
-0.577843
-0.644205
-0.085255
0.282707
0.571290
1.744982
0.647281
0.762206
0.984020
0.547363
2.259409
1.358201
1.375341
0.081531
-0.270445
-1.816147
-2.024050
-1.854833
-2.128110
-1.328639
-1.235523
-1.715148
-2.711455
-1.784635
-1.324804
-1.441956
-0.362558
-0.539035
0.190210
-0.868959
-0.480076
-1.764435
-2.759078
-3.089941
-2.110171
-1.960417
-1.517441
-1.277115
-1.965881
-2.024418
-3.693671
-4.004426
-3.829167
-1.734246
-1.508080
-0.983412
0.985163
2.420333
0.899691
-0.016951
-2.373993
-1.072251
-0.351084
1.458551
1.082954
0.999496
1.055850
1.122447
-0.163955
-1.774269
-1.718653
-0.084153
-1.034237
-0.567079
-3.712311
-0.932121
0.007530
0.990086
1.088547
1.301395
0.969426
0.395436
-0.329140
-1.178560
-2.360725
-1.240819
1.329970
0.191292
-0.086835
0.262668
-0.552645
-1.560576
-2.344135
-0.540875
0.531556
-1.379675
0.658617
0.424238
2.026169
1.646515
2.724782
1.840272
1.079866
0.560611
-0.631867
-1.137016
-2.504135
-0.582979
0.140990
-0.177918
0.247547
-0.120248
-0.135114
-0.076844
-0.031268
-1.032269
0.554306
-0.407144
-0.193950
1.172529
-0.212447
0.740562
1.162777
2.688113
-0.033506
-0.817739
-0.094242
-0.831746
0.134515
1.459127
0.071192
-0.280436
-0.948059
-0.545890
-0.144704
0.930534
0.085106
-0.631756
0.367021
1.793021
-0.405330
1.031301
1.411585
0.089939
0.815240
-0.261769
0.460418
-0.941455
1.386025
-0.445550
-0.410547
-1.882400
0.261626
0.721156
-0.797003
-1.284857
-0.660419
0.093557
1.735798
2.806161
-0.539463
-0.344995
-2.448884
-0.779060
2.325825
0.490079
0.385108
-1.474934
-0.491714
-0.674649
0.079491
0.581488
-0.566892
-0.661765
-0.515666
1.382238
-0.930260
-0.080293
0.420270
1.493359
1.359296
0.754732
0.639974
-1.070081
-0.356706
1.296832
1.063300
-0.224278
0.454608
-0.757559
0.185774
1.171594
0.558840
0.883574
-0.030525
-0.620221
-1.372699
-0.548926
-0.654253
0.097297
0.232888
1.722021
-1.305320
-1.920455
0.563304
-1.227354
-0.650669
-0.159129
1.681581
1.336036
-0.797895
0.757530
-0.771399
2.481289
1.132904
0.475598
0.397573
-0.743231
1.021305
0.506690
2.456934
2.991640
3.142808
2.954304
3.506447
1.889683
2.005671
0.072932
0.796434
0.671454
0.630164
-0.046773
-0.120214
-1.049869
-0.723892
-0.394885
0.185166
0.694297
-1.617459
-0.856379
-1.030485
-0.934811
-1.363268
-2.501955
-3.689716
-2.220897
-0.533983
-1.447069
-1.807315
-1.303521
-0.997525
-0.976848
-1.737446
-1.851045
-1.457567
-0.409079
-1.179747
-0.665771
-2.164956
-1.638529
0.026799
-0.538008
-0.876230
-1.563468
-1.382164
-0.398519
-1.373970
0.463782
-0.834784
-0.300448
-1.953956
-0.946632
-1.511966
0.201348
0.457673
1.093362
-0.750306
-0.772399
0.319318
-0.420863
-0.716700
0.278261
1.409251
1.426620
1.477777
-0.536859
0.837740
2.052776
1.462667
0.953095
0.027822
-0.467344
-1.536859
-0.879455
-0.419380
-0.305449
-1.289498
-2.045858
-1.263210
0.601928
0.469083
-0.353671
-0.003733
-1.422414
-0.614718
-1.521283
0.274248
2.380694
0.309694
-0.006409
1.924404
2.414165
1.519500
0.394978
-0.653022
-0.101776
1.760248
1.873193
1.597706
0.029905
-0.530398
0.028979
0.238091
0.428763
0.457742
0.458906
-1.863142
1.067211
0.002439
0.109382
-0.643675
0.456166
-0.354920
-0.333569
0.296588
2.021396
0.185177
-1.281366
0.505878
1.047303
-0.381134
0.615110
-1.070477
-0.138273
-0.690622
0.075525
-0.104125
0.512557
-0.060633
0.842454
0.292828
0.628102
2.710991
-0.236185
0.475172
0.325705
-1.944536
0.246641
1.029023
-0.719941
-0.169824
0.811142
0.326858
2.157025
-0.275262
1.471250
-0.816478
-1.334380
0.911933
1.132082
0.474884
1.212759
0.132117
-1.472380
-0.358494
0.732880
-0.098659
-1.118486
1.035658
0.903892
0.635716
-1.871741
-1.268868
0.846862
0.070929
-0.576571
0.052398
-0.544657
-0.188657
0.371765
0.183128
-0.397158
-0.836996
-2.595086
-1.683240
-0.069283
-0.906054
-0.459338
-0.688375
-0.776152
0.811508
-0.370090
0.160121
0.436201
1.085456
-0.670502
0.395997
-1.504782
1.734488
0.407441
-0.099282
-1.167809
-2.048458
-1.195301
0.166097
-0.269094
-1.591871
1.315749
0.607430
1.060346
0.361112
0.374947
1.637573
1.383127
1.410884
1.780698
2.608946
3.092489
3.216314
3.640491
2.048546
0.403552
0.667879
1.826419
2.052263
1.541016
2.774001
1.126583
0.412861
0.125981
0.350506
-0.485369
-0.771651
-1.142581
-1.020995
-0.071978
0.199428
-0.121058
0.570639
-0.276923
0.829729
-0.080365
-0.878136
-0.292188
0.187767
0.606643
1.632502
0.364669
0.894200
0.741122
0.232277
0.872722
0.036640
0.845580
2.524898
1.443603
0.210369
1.697289
2.091706
1.041880
1.639623
1.700612
1.635063
1.422884
2.569515
2.712907
1.729301
0.864646
0.259968
0.395945
1.049829
-0.162839
1.284957
0.924242
1.822956
1.490517
0.979807
-0.307038
-0.142077
1.468525
2.969966
2.393949
2.486454
1.407622
0.668333
1.208388
2.038393
1.763659
0.527495
-0.684131
-1.069004
-0.146881
-2.092236
-1.830974
-0.785030
-0.765046
0.661133
-0.380378
0.741973
1.613545
0.587536
-0.941928
0.927898
2.297338
3.565768
4.646706
2.849874
2.156189
-0.865756
-0.085323
-1.535128
0.446587
-0.198891
-1.188362
-0.030354
-1.726235
0.323905
1.294480
-0.374850
-0.896999
-0.843742
0.211241
0.758284
0.494529
-0.352569
-0.037442
-1.374148
-1.375822
-1.365275
-0.627374
0.121191
-1.369103
-0.214342
0.570095
-0.912016
0.604958
-0.137922
-0.523741
0.800623
2.373004
0.296669
1.277842
-1.404822
-1.223126
1.461139
-1.160151
-1.121407
1.985359
0.785041
-0.665248
0.350602
-0.107328
-0.308924
-1.113879
-0.873348
-0.655611
1.191298
1.082378
-2.202210
1.097495
0.579014
0.297588
0.158446
-1.099017
0.353365
-0.216628
-1.838834
1.279787
0.617330
0.705559
0.781608
0.526219
-0.021547
-0.357239
-0.731467
-0.810760
-0.717107
-0.434260
-1.067168
0.741562
-0.166242
-2.473952
2.030083
-0.752324
0.348276
-0.167054
1.347515
1.076334
0.208253
0.985593
0.551566
0.660820
0.929458
0.528806
-0.887890
-0.707985
0.737825
0.523701
-0.734287
0.526218
1.214586
0.266251
0.001696
-1.954438
-0.701237
-1.272923
-2.280906
-2.063532
0.802983
2.021672
2.148686
1.177203
0.400656
-0.954620
-0.367996
-1.290221
-2.248319
-2.247212
-2.676501
-3.504974
-3.502650
-2.590016
-2.052270
-0.550915
-0.139866
-0.651689
0.432228
0.402269
0.696982
-0.442067
-2.058233
-1.917348
-1.699130
-1.537556
-1.803544
-2.096447
-0.836907
-1.169760
-1.335802
0.405705
0.523371
1.230043
1.447825
1.030473
2.059688
1.907949
1.647898
2.194392
2.193291
2.576831
1.649741
2.471818
1.134018
-0.767926
0.591918
0.082797
1.775920
1.305103
-1.188985
-1.461827
0.814510
-0.991782
-0.368908
0.957547
0.879298
0.506645
-0.088810
0.157717
0.358992
2.209897
2.456261
1.772792
1.169486
-0.042095
0.468602
0.361078
0.300677
0.106037
1.128140
1.148178
0.012074
0.383250
0.495683
0.647973
1.434803
1.383433
0.602780
-0.393726
-0.650314
-1.910486
-1.945550
-1.663506
-0.511405
0.023637
1.451935
0.503423
-0.610475
0.324327
-0.128406
0.222294
-1.472671
-1.481699
-0.528971
0.677419
-1.915249
-0.686061
0.265157
-0.415514
0.072501
1.253907
0.755412
-0.617966
-1.831830
-0.164172
-3.032144
0.917437
0.950047
0.518174
-0.494107
-1.437855
0.413761
0.486853
0.978571
-1.545145
0.948384
1.020849
-1.543860
-0.028116
-0.364343
0.695715
-0.666774
0.396794
-0.629694
-1.483156
1.140984
0.380568
1.061792
-0.474337
1.064113
-0.558389
0.122239
-0.459770
-1.847482
0.153898
-0.341665
-1.067109
-0.487369
0.405445
1.059183
-0.343870
-0.217714
-0.245020
-0.025251
-0.901306
1.952065
-1.118763
0.940268
-0.667206
-0.829727
1.702098
2.353277
0.616507
0.400338
0.409677
0.973321
-0.156629
0.676561
0.617055
0.492397
-0.509233
0.306122
-0.881055
1.185389
-0.372281
-0.729015
1.279822
-0.972316
-1.054345
-1.097352
1.910452
1.695848
-0.531016
-0.733551
1.423081
-1.558721
-0.286305
-1.873484
-0.622183
-1.074747
0.719842
-0.021217
1.226730
-0.206188
1.059201
-0.643913
2.115875
0.773600
0.570451
-0.239232
0.916856
0.722080
0.107618
0.890567
-1.130004
-0.593528
-1.331668
-1.728301
-2.549921
-1.054555
-0.631160
-0.793254
-1.433874
-1.061514
-1.515153
-0.859381
-0.874764
-2.732760
-3.518401
-1.485063
-1.062064
0.335308
0.035001
-0.406214
-0.577818
0.303281
0.965393
-0.520085
-0.670114
-1.341532
-1.923397
-1.010740
-2.075508
0.374637
-1.167582
-2.194068
-1.714193
-1.540459
0.379320
-1.681575
-1.076453
0.033076
0.294074
-0.065411
1.547789
-0.174873
0.942775
-0.595203
-0.472285
-1.105578
-0.779175
-1.622915
-1.226010
-0.999158
-1.199530
-2.447942
-1.321169
-1.034040
-0.592834
0.145405
1.590784
2.196132
2.362156
1.332412
1.433968
0.489033
0.215868
-0.050686
0.575981
0.008907
-1.285911
-0.842662
-2.393506
-0.831147
-0.292999
2.158207
2.300951
2.261662
1.044600
-0.332383
-0.745674
-1.766480
-2.041058
-1.827249
-1.900878
-1.642996
-1.368684
-0.277986
-1.380447
-1.937082
-1.437360
-0.590795
-0.388795
-1.052848
-0.349218
0.965184
0.329575
-0.458581
-0.118680
0.628710
-0.345032
1.350443
-0.953895
0.891161
-0.090694
0.425594
0.512950
-0.358703
0.902889
0.808207
0.111442
0.255149
-0.672101
1.140639
1.080295
0.953048
0.029957
-1.059485
-1.120092
-0.661536
-0.309030
-1.294516
-0.565489
-0.371976
-0.489335
-0.969875
-1.305219
-1.069694
-0.850092
-0.314646
-0.554680
0.717259
-1.319163
-1.153632
-1.530930
0.389345
-0.443860
-0.547368
0.419823
0.331109
-1.381060
-1.377952
0.579468
-2.282959
-2.109533
-0.785324
-0.673923
2.280311
0.567433
0.137858
-0.698139
1.782090
0.726536
-0.024358
0.612104
0.704384
0.639121
1.485029
0.257038
0.384756
0.586409
0.840717
-1.013369
-0.790076
-0.283391
-1.520344
1.571287
-1.804785
-0.922284
0.364061
1.114144
-0.420228
-1.646490
-0.906411
0.558549
-0.866616
-0.499447
0.808539
-1.027392
2.160559
-1.252541
0.469578
-0.722886
-1.071698
-0.032819
-0.960203
0.543781
0.464128
-1.061561
0.253776
-0.698571
0.971156
-0.342671
0.380722
1.281264
1.584238
0.343588
0.013291
-0.408466
-0.052328
1.725877
0.257653
0.337948
1.288990
0.856886
1.759818
1.254914
0.403440
-0.236664
0.589237
2.318055
3.665452
2.715855
2.480610
3.809593
4.200065
3.763199
2.943105
3.158651
3.431180
3.089137
3.443294
4.606818
5.213075
4.919736
3.063952
5.318833
6.931129
7.167493
7.231701
6.355334
5.135331
5.366032
4.048818
2.711859
3.034590
2.405226
0.524907
0.228352
-0.380932
1.716096
0.852497
0.517603
0.512256
-0.258708
-0.976534
-1.477862
-0.523194
-0.091598
1.539832
1.825865
2.587356
3.190951
2.583383
2.964838
3.078267
2.788901
3.659338
2.447568
1.559251
1.465434
1.846085
1.374667
-0.126048
-1.481835
-0.640127
-0.022640
1.374240
2.852868
1.744681
1.165880
-0.028343
-1.009220
-1.418385
-1.669075
-2.281864
-3.396901
-2.910916
-2.213844
-1.461358
-0.352772
-0.149220
-2.267122
-0.869804
-0.879558
-0.108268
0.755214
1.725937
2.628958
3.375569
5.048835
3.917758
1.984743
-0.256980
0.347238
-0.339821
-3.471749
-3.559088
-4.017904
-3.485220
-3.836218
-1.707796
-0.636540
-0.684621
0.463069
1.073327
1.403958
0.874788
0.486397
0.503038
0.916646
-0.500496
-1.158331
0.767571
0.333489
0.341022
1.371475
-0.183976
-0.023265
0.093970
-1.257760
0.295631
-0.343829
0.187463
1.359068
0.948436
0.131944
-1.547535
-0.075787
-0.444437
-0.044240
-1.450765
0.300288
-0.362403
0.199027
-2.069119
-1.341839
-0.538418
0.624255
-0.781443
-2.724998
0.298327
-0.284927
1.105737
1.563031
0.443655
0.013975
0.752451
0.175960
0.157352
1.458570
0.150104
0.235257
-1.922766
-1.520978
-2.481308
0.903204
-1.601858
1.033696
0.950823
0.048813
0.556482
0.340692
0.252036
0.430784
-0.167366
0.133922
0.658655
-0.229372
-0.269293
0.877921
1.021282
1.469964
1.385099
-0.795061
-0.793674
-0.119969
-1.123149
0.098566
0.665160
-1.250703
0.252387
-0.502485
-0.856276
-0.331682
-0.069680
0.670513
-0.129710
0.053840
-1.841221
0.787479
1.341498
1.322720
-1.948558
1.834927
0.901294
-0.410504
1.290496
0.471889
1.907255
1.364998
0.310151
-0.123069
0.453901
-0.432174
-0.624565
0.777320
0.383363
-0.162209
-0.165894
-1.382673
-2.168288
-1.273833
-0.868323
1.057616
2.123175
2.705132
1.625282
1.962065
3.477203
3.965516
2.165874
0.938305
0.948661
0.588563
2.211742
2.590444
1.795549
1.268251
1.725876
2.229444
2.442649
1.705644
2.268083
1.047876
0.546950
0.296692
2.348238
2.311866
3.393513
3.523594
2.692609
2.846592
2.762236
2.001716
1.536729
2.634518
1.614370
0.503430
0.079670
0.297420
0.922870
0.211185
-0.673440
-0.912465
-1.041142
-1.398793
-1.007948
-1.018445
-0.830729
-1.566124
-1.524167
-2.086100
-0.822801
-0.956401
-0.511804
0.467723
-0.483136
-0.521268
1.131819
0.755333
0.223404
-1.367320
-2.307558
-0.890361
-0.176363
-1.037010
-0.775956
-0.673999
-0.628724
-0.076461
-0.251672
-0.195784
0.439425
0.765838
-0.001463
-0.625309
-0.782785
-0.844780
-2.864576
-0.980356
-0.078841
1.517520
1.231476
3.014414
4.409944
3.488425
3.222944
-1.710446
-0.738630
0.998149
-0.502886
-0.443180
-1.424618
-1.200122
0.650633
-0.342915
-1.274482
-1.275577
0.883024
-0.166334
-0.410702
-0.444961
0.780261
1.204157
-0.860235
-0.420197
-0.609394
0.382080
1.059399
0.117992
1.416684
0.369122
0.785521
0.491584
1.040039
0.150382
1.488679
2.109259
-0.341643
0.181948
-0.727386
0.878497
1.259598
0.963802
2.139505
-1.881259
-0.265036
-1.097239
0.238225
-0.074698
1.717723
0.321742
-0.457542
0.844272
1.355738
0.328273
0.797158
0.182007
-1.276433
0.731277
0.127632
2.112491
0.233652
0.850149
1.174340
0.511820
-0.424341
0.622843
-0.077971
-0.546210
0.841469
1.073561
0.396352
0.819993
0.015244
-0.044057
-2.604465
0.289535
1.977192
0.770697
-0.020226
-0.778219
0.764341
-1.889034
-0.241911
0.160144
0.285230
0.218263
0.148992
0.015580
0.078765
-0.255454
0.564660
-1.049766
-0.599545
-1.481130
2.034810
-0.475933
0.156054
1.211932
-0.177125
-0.985330
-0.081406
1.090633
1.338152
1.343614
-1.177460
-2.912910
-1.714758
-1.567663
-1.785814
-1.992806
0.060118
1.759744
0.466667
0.678354
0.558073
0.638397
-1.434581
-1.295910
-0.743961
-1.416967
-2.758209
-2.158399
-1.456216
-2.521650
-1.786203
-1.897058
-1.543569
-1.243912
0.279870
0.761939
0.018409
-0.671583
1.175660
1.242580
-0.613737
-0.797341
0.199551
-1.149713
-2.602852
-2.584497
-3.125196
-2.340716
-3.919097
-3.844507
-2.088603
-1.516642
-1.556257
-0.583987
-0.244298
0.636648
0.030868
-1.009163
-0.889681
-1.395987
-0.311109
-0.322622
0.437817
1.312636
0.560051
1.030322
0.112847
0.008370
0.319286
1.233872
0.012576
-0.819984
-1.957976
-0.437987
-0.856435
0.268849
-0.715093
-0.732976
-0.583325
-2.601596
-2.014841
-0.631435
-1.986780
-1.553381
-0.815825
0.557778
1.423278
1.870509
1.336531
2.232706
2.429629
2.743218
2.086816
2.713211
3.181470
3.741578
2.349334
1.115269
-0.796319
-1.140741
-0.683497
-1.288399
-1.209737
0.253338
0.380212
-0.560613
0.615426
0.417421
0.246987
0.926770
-0.525221
-1.054002
0.530987
-0.640687
-0.016641
0.181539
-1.279392
-0.489681
0.615578
0.656843
1.280048
-2.463861
-0.545791
-1.405058
-0.349360
0.943609
-0.454315
0.687616
0.566428
1.356981
1.918445
1.605340
-0.377195
-0.217897
0.970282
0.184353
0.130821
-0.188733
-0.045348
-0.609592
0.421462
-0.284816
-0.281691
0.368182
0.588755
-0.427730
0.129590
0.849215
-0.090418
1.694761
0.221686
0.432117
-1.876027
1.253965
-0.148384
-0.613705
0.071565
1.390073
-0.698787
0.235714
0.019239
1.161233
0.422029
-1.004089
1.938151
-0.769546
0.679574
0.008191
-0.836931
-1.229248
-0.178747
0.976329
-1.778725
-0.234873
-0.424217
-0.750330
0.008975
-0.776880
-0.092237
0.541028
-0.152227
-0.330754
-2.003065
1.132204
-0.469116
-0.764397
0.096037
-0.219374
-1.247736
0.810864
-0.058228
1.056341
-1.542269
0.723467
0.407735
2.225932
-0.600660
-0.309812
1.011115
0.701756
0.508878
0.125035
-0.197061
0.933948
-1.490352
0.756903
-2.323919
0.199209
-0.840177
0.273336
0.258883
0.269576
-2.156491
0.405867
-0.879447
1.330904
0.598567
1.357442
0.431218
-0.678326
0.101807
0.093937
-0.261768
-0.124143
0.913421
0.795616
-0.662549
-0.507143
-1.523335
0.490928
0.317601
0.184975
1.024525
1.701544
0.799379
1.002976
1.498305
1.236824
2.612981
1.381732
1.136966
2.220418
2.555913
3.974031
3.205148
3.589837
2.196060
2.331772
0.791851
0.410209
-0.476474
0.535473
0.282798
0.685634
2.574444
1.894468
3.252891
3.509993
2.592269
1.678200
1.274289
1.069202
1.843835
0.247075
1.818027
0.614403
1.585970
0.836793
-1.807993
-1.620876
-3.476390
-3.398571
-2.093199
-2.125951
-2.734138
-1.674151
-0.387277
-0.901131
-1.441764
-1.631772
-1.502886
-0.619543
0.435395
-0.293833
0.771304
0.714849
-0.758398
-0.984988
-0.975557
-0.864127
0.903548
-0.368755
-1.649609
-1.858272
-2.111183
-1.453696
-2.207698
-0.212619
-0.030273
-0.440877
0.087544
0.536142
1.068814
0.336180
-0.128199
0.027533
-0.429759
0.362231
-0.405880
-0.147640
-0.010823
1.661106
-0.251474
-1.595936
-0.424489
-0.764601
-1.771122
-0.339327
0.578280
0.718854
-0.683044
-0.457190
0.418934
-0.022814
-3.661804
0.234130
-0.512097
0.218645
-0.322187
0.698582
-2.076183
-1.220778
0.873546
0.182096
1.931937
1.076888
1.389263
-0.063191
-0.437981
-1.935683
-1.609244
0.696262
-0.010366
-0.745373
-1.361972
0.303236
-0.175279
-0.603782
1.463829
-1.102598
1.542440
-0.301153
0.210875
0.422280
-0.376316
0.343478
0.877691
0.573532
-0.033983
-0.232854
0.660943
0.014227
-0.787831
-1.137451
0.652231
0.342191
0.669188
-0.605714
0.292114
-1.204492
-0.272755
0.840908
-0.554586
0.142338
-1.998545
-0.874567
-0.883479
-3.226384
-0.670320
1.389353
1.087660
0.635995
1.263705
1.613674
-1.511795
0.288373
-0.741316
-0.276189
-0.383220
-0.317965
-0.142068
0.944859
0.277635
0.265922
0.654758
1.273414
1.264675
0.555489
-0.012725
-0.285443
-0.416965
0.508030
0.997892
-0.586739
-0.186113
-0.169649
0.705017
2.419303
1.080933
-1.105196
-0.892502
-0.401386
-0.665672
-1.354754
0.174071
0.256123
0.045543
2.547928
0.024199
1.364604
1.704789
1.079359
0.824799
0.776579
0.111990
0.937360
-0.752401
-1.082238
0.018646
-0.658715
-1.682904
-1.604704
-0.307687
0.203719
-0.120964
1.105476
1.659499
2.612840
1.311852
2.158184
2.260105
1.670865
0.963373
1.671382
1.388155
1.306391
1.678294
1.881394
0.850876
-0.043026
2.135747
1.445245
0.717343
1.272162
1.583367
1.859561
2.088328
2.840106
2.736604
2.491323
3.067708
1.596319
0.814705
0.159949
-0.564221
-2.027854
-1.351275
-2.928540
-3.080463
-0.803528
0.104075
0.670983
0.857090
1.424805
0.611624
1.433620
-0.056223
0.740649
0.086504
1.026287
1.626330
2.334880
1.269655
0.093410
-1.229934
0.091944
0.568476
-0.752745
0.103163
-0.403255
-1.564718
-0.843229
-3.711664
-0.705563
0.962860
0.633161
0.916467
0.837345
1.287438
1.714362
1.288407
1.226131
0.383579
-0.124043
-0.337655
1.226121
2.116078
1.670725
-0.300975
-1.325647
-1.719407
-1.165958
-1.856684
-2.405081
-1.061257
-1.815942
-1.159407
0.514578
-0.685414
-1.188964
-0.406014
0.202917
-0.801148
-1.494231
0.386788
1.037296
0.887341
-0.706649
-0.343180
-1.034679
0.292914
0.188234
-0.132000
0.579611
0.718199
-0.152301
0.803425
-0.670947
0.761268
1.903935
-0.758544
-1.038084
-0.795835
-1.882717
-0.248582
-0.986590
-0.342414
-0.185021
-0.492535
1.494181
1.083483
1.405419
-0.455465
1.325835
-0.452563
1.594125
-0.658766
0.171659
0.455843
1.169821
0.445641
-0.112735
-1.120152
1.480161
-1.491457
-0.242178
-0.562924
0.364119
1.398248
0.396322
1.759505
-0.729476
-0.893845
0.735283
-0.870548
-0.529484
-1.056127
0.427247
-1.264707
-1.140929
0.980521
0.658069
0.399090
0.468904
0.078701
3.070549
-0.590421
1.374348
-0.503327
0.800523
-0.792378
0.225913
0.729565
-1.195208
-0.299981
-0.076712
-0.757175
-0.370923
-0.030017
-1.860832
-0.587193
1.690983
-0.329678
-0.371708
0.793949
-0.643337
1.913717
0.169643
0.396273
-0.716926
0.530127
0.118658
0.078803
0.804626
1.608084
0.963618
-0.446225
-0.515838
-0.295561
-0.555945
-3.526595
-1.607568
-2.432213
-1.131307
-0.879324
-1.598008
-1.988994
-0.634130
0.345530
0.321408
0.881161
-0.279263
1.777670
4.639896
3.883192
4.321408
3.392634
3.176695
2.080005
2.104057
2.692808
2.408047
2.598164
0.961864
1.009391
-0.021398
-0.539240
0.170132
0.746591
1.842726
0.618652
0.032100
-1.032021
-0.851260
-1.509561
-2.024820
-3.454091
-3.130066
-1.530665
-1.193856
-0.107935
-1.381908
0.332301
1.153009
-0.874717
-1.699977
-1.820758
-1.063437
-0.875866
-2.360495
-2.298465
-1.922702
-4.356102
-4.583343
-2.730288
-1.422773
1.175046
-0.221489
-1.047603
-0.111712
2.367840
2.338015
1.976352
2.721386
1.835866
1.364524
1.534159
2.080413
1.099497
2.160248
1.849592
1.304975
1.527327
2.759285
2.920313
2.237802
1.587673
2.814949
1.620981
1.530730
-0.634358
1.412140
0.882815
-1.555853
-0.465382
-1.201649
-1.508757
-0.802915
-2.139289
-1.722709
-1.668095
-1.484086
-1.164703
-1.160561
-0.562739
-0.081351
0.954903
1.234015
1.940357
-0.543122
0.161193
-1.197319
0.188948
1.224593
2.630815
-0.649890
1.625328
1.130208
0.609785
-0.325499
1.097895
1.575089
-1.823615
2.701856
1.090497
1.664448
1.022907
-0.884354
-0.448639
0.205327
0.283790
0.216055
-0.581660
-0.209104
1.199210
-0.751296
0.418467
1.448483
-0.614274
-2.052045
-2.115813
-1.174713
2.270493
0.486565
-0.317115
-1.236619
-1.315707
-0.635417
1.195343
-1.248557
-2.833586
-0.505272
-0.884841
-0.103809
-1.826134
-0.956917
-0.624281
0.638224
0.905478
0.361018
-0.040442
-0.610908
0.777593
-0.409805
0.219908
-0.482408
0.531321
0.687405
-0.817679
0.229766
-1.564650
0.844672
1.021578
0.448044
-1.203984
-0.850925
-0.107890
-0.696190
-0.272034
0.597235
0.311057
-0.115432
-1.194128
-1.924535
0.603471
0.770815
0.548251
-0.214286
-0.144152
-0.266810
-0.064154
1.349515
-0.737501
0.433756
-0.380978
0.153353
-0.095175
-0.124553
0.519614
-0.536519
-0.078138
0.824675
-1.207981
-0.543886
0.680917
0.687338
2.372717
-0.789091
2.357628
0.013237
0.800355
-0.270979
-0.669727
1.191192
-1.022131
-0.489929
-0.877390
-1.004860
-1.667684
-0.996306
-2.711337
-3.912814
-3.273643
-0.887676
-1.817609
-2.699222
-1.559177
-1.879142
-1.248172
-0.291188
-0.725458
-0.412443
0.533685
-0.795614
-1.097930
-1.262597
-1.688209
-2.939059
-1.244488
-2.856509
-1.942840
-1.574949
-1.492048
-0.808595
-1.387289
-1.151982
-0.381211
-0.469188
0.263002
-0.997900
0.244721
0.745172
-0.019237
-0.876172
-2.254822
-1.648823
-1.206224
-0.225132
-0.514354
-0.733287
-0.077423
-0.940386
-0.991367
-1.691365
0.097577
0.344043
0.461371
0.998519
1.025609
1.854712
1.925588
0.886893
1.105536
1.834745
0.512653
-0.015158
0.176875
0.088425
-0.618837
-0.245639
1.740714
1.157918
-1.253532
-0.595083
-1.417263
-0.148209
-2.132801
-3.642054
-5.297737
-5.510713
-5.088326
-4.267669
-3.977923
-3.624813
-3.527632
-1.866160
-2.327760
-2.256989
-2.218101
-3.512753
-4.011329
-2.833419
-2.706052
-3.214971
-3.590050
-2.927763
-3.116816
-3.613041
-2.271705
-1.543309
-2.791055
-0.846942
-1.016803
-0.984245
-0.044526
0.364992
-0.363463
1.038813
-0.540358
0.579310
-1.728416
-1.144259
-0.026728
-1.173187
-0.597806
-0.488619
-0.924896
1.231748
1.118344
0.724494
0.205853
0.111026
-0.430745
0.304703
2.478480
-0.578519
-0.044207
0.649712
-1.828465
0.576865
0.547711
1.073731
0.942212
0.262680
1.003971
-1.442338
-1.596730
-1.736664
-1.791389
-1.515026
-0.312776
-0.273459
-1.272578
1.269069
1.235162
0.493604
0.485812
0.937720
0.466889
-1.573353
0.671369
-0.501487
-0.810167
-0.308572
1.655110
0.699914
0.180504
-1.026810
-0.996623
0.590558
-0.958294
0.151068
-0.788551
-1.953969
0.475435
0.118984
0.361229
1.121706
2.659793
0.764084
-0.343450
0.260363
-0.425279
-0.308380
-0.110574
-0.307037
1.092357
-1.682757
-1.170622
-1.223662
-0.641698
2.173774
0.385132
-0.513536
-1.662588
-1.117457
-0.011462
0.364845
-0.972446
-0.365879
-0.267732
-0.755550
-2.464697
0.466573
0.290500
-0.053094
-2.709855
-0.943106
0.021880
0.394834
-1.618161
0.387121
-0.670656
-0.153677
-0.559794
-0.832343
-0.770131
-0.264545
-0.899231
-0.392234
-0.903981
0.587755
0.228955
-0.719864
-1.240655
-3.162115
-3.714831
-4.077011
-3.713220
-2.379112
-1.884843
-1.509518
0.876650
1.749318
1.133276
1.489268
0.686752
0.037109
0.949079
1.152563
0.390134
-0.350852
-0.484929
-1.598231
-2.402584
-4.122698
-2.590203
-2.341372
-2.850178
-2.078196
-0.539713
-1.300578
0.390294
-1.023926
-1.070468
-1.751338
-3.160047
-3.643040
-3.189988
-3.953196
-5.076083
-4.787812
-3.726660
-3.129691
-2.191291
-2.137968
-2.940154
-2.820460
-1.189036
-0.844527
-1.351829
-1.781999
-0.490124
-1.135934
-0.828871
-0.695405
-0.498486
-0.697464
-0.536033
-0.554716
0.995699
1.222841
0.516150
1.164482
0.983943
1.797312
1.807142
0.783200
-0.028721
0.073556
-1.317867
-0.351561
-1.350038
-1.399492
0.421225
1.474507
2.242383
3.151765
2.510060
2.189401
1.236010
1.117314
-0.950152
-0.814400
-0.681481
-1.304858
-0.008310
0.003240
-1.032652
-1.481504
3.361798
0.324016
0.859423
0.206301
0.149134
-0.271865
1.529143
1.597440
-0.055086
-0.021865
-1.241847
0.045330
-0.663091
0.062583
-0.309373
0.391929
-1.933304
0.507857
-0.609331
-0.783755
0.142889
0.624773
-0.185461
-0.630428
-1.749805
-0.379196
0.202834
-1.606035
-0.841787
-0.492042
0.602642
2.009179
-0.312586
0.234064
-0.136863
-0.259259
0.503726
0.927670
-1.622255
-0.664225
-0.083685
0.645558
1.865279
-1.058148
-1.159550
1.639870
0.497421
-0.997583
0.021318
1.265327
1.093976
-0.976352
-2.648578
1.315207
0.475186
-1.127334
0.051947
-1.430555
0.344097
0.183244
1.102871
2.114782
1.500977
-0.935102
-2.568962
0.048601
1.294705
0.057579
-0.832835
-0.384937
0.081541
-1.109032
-1.745577
-1.215952
1.572154
1.897551
-0.532183
-1.015241
-0.421801
-0.891109
1.169368
-0.297265
-0.650075
-2.005096
-1.128283
-1.365359
-0.224443
0.798684
-0.622267
-1.032956
0.467844
0.568060
-2.505145
-0.308136
0.374573
0.309626
1.001424
0.682106
-2.007447
-0.961411
-0.012168
1.219696
3.363067
2.313403
2.138773
1.608773
0.507416
-0.249648
-0.504736
0.413198
-0.710295
1.334255
2.099147
2.480030
2.532806
3.609766
3.469074
2.269574
1.321081
0.271718
-0.423150
0.251583
-0.151434
-0.344615
-0.911821
-0.492490
-0.770471
-1.387879
-2.208788
-0.852715
-2.148808
-2.482041
-3.177250
-4.321454
-4.622053
-2.886828
-4.835096
-3.370265
-3.791507
-3.621030
-3.188190
-3.422651
-3.001684
-3.216960
-3.226269
-1.700332
-1.389698
-0.729872
-0.018575
0.771389
-0.381830
0.809634
1.265536
1.058463
1.379674
1.470736
1.130350
0.358239
0.260534
0.295660
-0.504159
0.035848
0.652825
2.292493
0.999996
-0.612799
-0.709646
-2.378521
-0.230516
-0.732418
-1.420525
0.352665
2.879261
3.503865
3.150713
2.948851
3.194688
2.985711
1.466411
2.905354
3.817223
3.516291
2.241321
1.611145
0.742641
0.943707
1.737866
2.228420
3.485709
1.007242
1.673005
0.656205
0.142048
-1.372397
-0.986180
-1.708520
-3.784058
-3.210948
0.906059
-0.626320
-0.393506
0.774128
-0.282825
1.743555
0.376127
-0.430344
-1.571587
-0.737693
-1.341775
0.486025
-0.355749
0.410716
-0.643873
-1.948231
-1.832744
-0.198444
0.639764
1.670955
-0.987764
0.609718
-1.195981
0.137152
0.944380
-0.591914
0.416780
-0.674571
-0.295465
-0.053390
1.456142
0.470976
0.257314
-0.836798
-0.308645
0.214311
-1.235930
-0.128854
-2.252632
-0.997181
0.494059
0.150629
2.413755
0.598549
2.463285
1.274240
-0.087532
1.387618
0.007974
-0.377361
-0.773064
-1.018237
-0.055751
-0.549833
-0.656506
-0.740109
-1.360082
-0.077089
0.595904
-1.247410
0.251416
0.653948
-0.500525
-1.784971
-1.365513
-1.126382
-1.025783
-1.292029
-1.827994
-1.022858
-0.795163
-0.736628
-0.741930
-1.802082
-1.495939
0.458201
0.738287
0.277073
-0.695540
-0.073406
0.518238
0.919542
0.087096
-1.115972
-0.902674
0.536526
-0.251402
-0.990450
-0.689041
2.526378
0.036658
0.119156
0.212576
1.530822
-0.640580
-1.392178
-0.618886
-2.260016
-0.425517
-1.191119
-0.515642
-0.622030
-0.235114
0.613687
-0.371079
-1.503242
-1.219009
-0.683296
-0.661441
-0.345694
-0.756930
-0.701105
-0.170407
-1.074455
-0.400469
0.696695
1.146011
-0.252752
-0.294771
-0.213194
-0.436861
-2.005332
-1.959388
-1.398819
2.167526
2.017479
1.514990
0.814690
0.246788
-1.893329
-3.957481
-4.226217
-5.368921
-5.756160
-5.919798
-6.093054
-5.595533
-4.724196
-5.393304
-6.137922
-4.770933
-5.731915
-6.290415
-6.660355
-5.010005
-4.029108
-3.191850
-1.478212
-1.072687
0.195157
-0.386563
0.037731
0.626308
1.611069
1.803225
2.278211
2.772359
2.919587
3.737383
3.751634
3.671430
1.616218
2.061782
2.758222
3.072286
3.361103
4.345412
4.080964
2.890425
3.719438
3.126347
2.330191
2.226656
0.517896
1.714018
1.282402
2.268585
1.706286
1.381386
2.497118
2.106866
1.801319
0.661499
0.934445
2.204376
3.283646
3.529942
3.553536
4.420540
4.474965
4.199865
3.092165
2.876231
2.753451
2.540726
2.132581
3.503396
2.851535
1.782774
1.299995
0.986887
0.829415
-1.353184
-0.130460
0.382517
-1.508169
-0.560387
1.685738
0.846261
0.437241
0.657008
-0.317481
-0.265520
-0.413065
-0.331857
0.584203
-0.437044
0.462120
-0.152992
-0.069027
-0.798790
-0.545629
-0.604861
-2.872560
-0.422938
-0.292962
1.676792
0.955421
0.675418
1.441084
0.002108
-0.129605
0.339879
-1.386988
-0.621649
0.740633
-0.614967
0.462629
1.339449
0.185621
2.318154
0.443365
-1.769212
-0.137208
-0.633356
0.368516
0.101524
-0.373587
-0.314119
0.075940
0.372171
1.019911
0.162090
-0.179604
1.160409
-1.230117
0.149380
0.362958
-2.406349
-0.489382
0.860469
-0.954462
-0.535291
1.023879
1.475195
-0.329934
-1.671094
1.749755
-1.581085
-1.203106
-1.975623
0.249368
0.291157
-0.469020
0.900630
-0.055342
1.098250
1.161157
0.920660
0.232557
-1.091394
0.061522
0.080115
-1.058554
-0.866332
0.133112
-0.536792
1.451946
0.354402
-1.062507
2.060526
0.525645
0.969579
-0.371214
-0.058864
1.451312
1.177045
-1.333989
0.230996
-0.078282
-0.712009
1.558075
1.929234
1.542334
0.838766
1.594699
0.820253
-0.200829
-1.416136
-1.266113
-0.196798
-0.364408
-0.857666
0.289314
-1.232501
-1.535512
-1.584276
0.274725
-0.765998
1.129795
-1.395050
-1.090968
-0.584090
0.057525
-1.541381
-0.993279
-0.852732
-0.877175
-2.264301
-2.178180
-1.298097
-0.607649
-0.242137
0.099375
0.664265
0.416480
0.251679
1.087619
3.033415
2.563814
2.518960
3.455152
3.406645
3.269682
2.816606
3.310519
2.877308
0.901762
0.352316
0.422808
-0.007672
-1.496741
-0.257414
-1.201380
-1.511190
-0.609050
-2.455497
-1.559795
-0.375659
-0.473859
0.325739
0.922614
2.705181
3.836822
1.482527
2.354938
1.304330
2.953066
3.762480
2.844821
1.874924
0.502281
0.858499
1.946348
1.973885
1.829408
3.116480
2.547428
0.028505
1.512383
1.197094
1.381260
1.484059
0.854305
0.861558
0.344276
2.000748
1.602334
2.080729
0.599918
1.039019
2.659725
1.246167
0.242880
-0.205802
0.287053
-0.165145
-2.197943
-1.914080
-0.464593
-0.344932
1.267646
-0.518927
-0.146174
0.970678
1.750450
1.405795
-0.070609
1.293834
1.846705
0.340782
0.306665
-0.611644
-0.876263
-0.571792
0.551371
0.642362
0.486236
0.883773
0.458829
-0.124577
-0.487401
0.785836
0.773535
0.432716
-1.078093
-0.464010
-1.754843
0.248607
0.874971
-0.550359
-0.152037
1.129216
0.674127
0.486226
0.741857
-0.836537
-1.012220
1.099701
1.130240
-0.648244
1.365790
0.283039
-0.116829
-0.140379
0.500839
1.267120
-0.610133
-0.566742
1.247824
0.291740
-0.864850
-1.700250
0.540143
-0.502807
0.443481
-1.350837
-0.509861
0.344572
-1.150918
0.068891
2.816631
1.465199
-0.040626
-0.134671
-0.683008
1.221144
0.498370
1.553440
1.083208
0.021716
1.449603
0.588271
0.794334
0.862072
0.785923
-1.683491
0.383717
0.719186
0.096363
-1.641329
1.825959
-0.772893
0.356521
-0.765525
-0.519027
-2.909494
-0.434046
-0.327737
-1.381096
-0.646066
0.878170
-0.514663
-0.114824
0.864095
-1.030028
0.023452
-0.755973
2.034606
0.221576
0.835162
0.065316
0.523394
1.648466
1.339389
1.183730
1.026628
0.229086
0.275170
2.026675
2.391425
4.052627
4.039068
2.909450
3.104645
3.694212
2.542726
2.665811
2.845726
3.124401
2.930484
4.428593
2.566047
0.474363
-1.034124
-2.748382
-2.873129
-1.438134
-3.532093
-2.107190
-2.013417
-0.867381
-0.010907
-0.501930
0.064662
-0.114364
0.770239
1.700835
2.859276
2.857129
4.500375
2.829417
3.407907
3.325678
2.899425
1.923465
1.856890
0.779475
1.345385
0.295591
-1.415813
-1.729180
-1.814596
-1.522607
-2.385021
-1.878597
-2.474581
-2.143365
-2.160903
-1.188044
-2.585933
-2.542736
-1.477818
-1.634144
-2.585714
-1.734484
-1.054747
-2.387844
-2.420143
-2.556391
-2.120101
-0.621762
-1.401617
-1.337949
-1.686702
-1.685166
-1.566523
-1.883317
-1.769920
-2.976451
-2.322242
-3.135640
-3.931356
-2.789610
-2.147501
-1.171369
-1.970902
-0.761049
-0.945394
-1.067592
-1.712190
-1.094823
-0.576233
0.324738
1.063595
-0.043067
1.593746
1.191222
-1.443323
-1.576612
-1.108834
0.325939
1.737503
-0.823849
-1.412049
-1.201554
0.127100
1.214936
1.143169
-0.164215
0.168901
-0.550135
-0.245423
-0.786430
1.611813
-1.028417
-0.997033
-0.808435
0.126523
0.514246
1.712568
0.942371
-0.978899
0.219648
-1.848178
0.166542
-0.323054
-0.015876
0.204147
-0.398697
-0.661459
-0.403827
0.475428
-1.449837
0.851978
-0.125850
0.043152
0.069144
-1.263777
-0.089477
2.348836
2.955330
0.794462
-0.251050
-1.916042
-0.300508
-1.310648
0.055997
0.641723
0.293207
0.450965
-0.351122
0.322476
0.036057
-2.970573
-0.588882
0.351326
0.399589
-0.372676
0.746457
-0.413608
0.478730
-0.457554
0.040409
0.730132
-0.111124
-0.360864
-0.062735
-1.466489
0.090814
-0.096740
-1.723287
0.176367
-0.777985
-0.132591
0.705152
-0.221539
-0.538621
0.842756
-0.425768
-1.610011
-1.087766
-0.668446
0.419847
0.893990
-0.725538
-0.056331
-0.790531
0.679736
-0.474018
-1.246689
-0.866804
0.804730
1.936122
2.029326
0.084094
0.386024
1.101440
0.740700
0.067937
1.982763
0.335676
-0.113713
-1.834564
-1.104645
-1.018298
-0.740621
1.312343
1.125960
1.336393
0.429430
-1.017280
-1.716618
-3.846669
-4.716627
-3.068581
-3.362254
-2.505292
-1.095177
0.977938
1.096666
1.499051
0.613665
0.041898
-1.187751
-2.773550
-1.404329
0.920807
-0.390493
-0.597603
-0.037146
-1.483146
-2.132949
-0.420925
-0.727770
-2.035696
-1.145774
-1.980017
-3.779902
-2.821143
0.351927
-0.038964
0.736244
0.920842
1.659456
1.047254
1.384495
1.259923
1.741074
1.817145
2.125718
1.123822
1.694777
1.110606
1.257712
1.475457
2.730218
1.072037
0.820166
0.157089
-0.625062
0.137467
-0.819474
-0.803014
0.226362
-1.009443
-0.379192
-0.333697
0.127433
1.305917
1.830944
0.460739
1.263161
0.627000
-0.074486
-1.238620
-2.468580
-1.378010
-2.379675
-1.114114
-1.128415
-0.935157
-0.491716
0.219733
-0.892252
-1.705784
-1.087853
-2.264827
-0.528219
-1.486404
-3.416407
-4.071106
-2.894115
-3.050526
-2.014291
-2.319715
-2.572343
-2.557927
-3.149141
-4.081716
-4.643589
-4.058001
-2.332224
-4.036632
-3.276330
-2.103594
-1.936228
-0.951902
-0.514029
1.399492
-0.044790
-0.150930
-0.530737
-0.061163
-2.471114
-0.226938
-2.654174
-0.733571
-0.021481
0.237145
-1.741955
0.311000
-2.134326
-0.841385
-1.489353
0.353695
-0.017073
-0.846035
-0.468257
0.360008
0.518000
-0.888574
-0.676448
-0.324042
0.786315
-1.833257
-0.199054
-0.394085
-0.035648
-0.351476
-0.825513
-0.746769
0.831670
0.262132
-0.567446
0.897751
0.937155
0.208015
0.596252
0.742044
-1.026536
-0.381362
0.365786
1.716406
-1.427242
-0.352633
-0.970083
-2.519027
-1.001763
1.038514
0.133072
-0.459949
-1.232660
-0.020234
0.026681
-0.060753
1.201210
-0.438686
-0.254516
-0.891510
0.146889
-0.692211
2.913779
0.988935
-0.251501
0.096947
2.283794
0.282390
-0.059940
-1.097408
0.987528
0.468561
-1.350797
0.002207
0.682853
0.105874
0.985089
1.214626
-0.452047
0.470225
1.172620
-1.184059
-0.526176
-0.536869
0.161160
-1.222676
-0.337278
-0.536805
-0.600860
-1.270762
-0.042843
-1.031434
-0.233400
0.100585
0.961889
1.973794
-0.260278
-0.725088
-1.240228
-1.872395
-3.969308
-2.601882
-1.812744
-0.938840
0.564173
0.289051
0.118667
-0.100721
0.532103
0.178577
0.974235
0.300233
0.385143
-0.110644
0.046417
0.684642
0.847744
1.509792
1.070562
1.412731
-0.336706
-2.132010
-0.790737
-2.283240
-2.363829
-2.829613
-4.023697
-2.456685
-1.606268
-1.711738
-1.084812
-0.217921
-0.796329
-2.616666
-1.414020
-0.214276
0.382846
-1.590947
-0.328407
0.677959
0.564457
1.314746
-0.261361
-0.081929
0.421601
0.157771
1.356143
2.679229
1.220382
0.110923
0.249238
0.368767
0.198480
-0.052913
0.098439
0.979987
0.356697
0.234913
2.290110
3.838212
4.453988
2.294822
2.012670
1.325743
0.569696
-0.383004
-2.068793
-2.779396
-4.196483
-3.760896
-3.597288
-3.749068
-3.696220
-2.442817
-3.229864
-1.892893
-1.337394
-1.379089
-0.920005
1.580607
2.093598
2.244461
1.622884
-0.247379
1.204406
2.350739
1.969027
1.816001
0.026359
-0.195181
-0.063112
-2.050545
-0.643819
-0.599858
-1.393938
-0.060381
-1.018165
-1.148234
0.172518
-1.410232
0.856926
-1.906348
-2.204665
-0.424027
-2.155166
-1.231490
-0.266509
2.061633
0.214535
0.222932
1.746047
0.267427
0.536567
0.087160
0.695883
0.957583
0.865828
-0.536068
-1.627347
0.824047
-0.427682
0.864161
-0.510156
-1.123155
-1.319515
0.310054
-0.311064
-0.826069
-2.274761
1.262608
1.128757
0.972368
-0.607462
-1.172386
-2.010527
0.189308
1.137897
-0.899315
-1.239423
-0.736780
-0.912387
0.553770
-1.002838
0.026064
0.594238
0.197753
-0.991781
0.519228
0.249007
-1.639938
-0.713159
-0.023518
0.384316
-0.144244
-0.288669
-0.699787
-0.175964
-0.816040
-0.483316
0.281954
0.785413
0.144839
-0.113132
-1.271076
-0.369944
-0.966270
-0.950292
-1.835528
-1.206814
-1.745258
0.274015
0.536124
-1.692036
-1.105247
-1.426904
1.242204
-0.486813
-1.397401
0.227162
0.239541
-0.923576
-0.459087
0.350825
1.563973
2.055648
0.853267
1.051772
0.084712
-0.677607
-1.347210
1.468118
0.593922
0.191453
1.092469
0.467199
-1.276848
1.310847
1.978226
1.121799
1.661305
0.332955
0.336248
-0.295255
-2.502761
-2.850395
-3.199651
-2.313244
-2.905121
-3.008111
-3.576285
-2.939995
-2.625193
-1.978235
-1.885408
-0.293127
0.981404
1.526123
0.978135
-0.201724
-0.112285
1.393649
2.014018
2.377464
1.735093
1.260377
2.003843
2.015504
2.534017
1.218878
0.293036
2.070347
1.254039
-1.105128
0.103105
-0.435752
-0.804213
-0.159763
0.906747
0.194345
1.429678
-0.113779
-0.352782
0.050193
0.269999
0.706662
1.429403
2.101860
2.141398
2.854608
2.658978
3.194221
4.756181
5.812848
5.173274
4.969615
4.558522
4.075139
3.706285
1.297002
2.400149
3.019746
1.806166
2.467687
2.026990
0.557486
1.962317
1.277831
0.056827
-0.561754
-0.591185
-2.009455
-0.236911
-0.168932
-1.186717
-1.494772
-1.688600
-1.187121
-0.730925
0.534585
0.546784
-0.571038
-1.234422
-0.331703
0.324188
0.256609
1.292829
1.377252
0.155217
1.176628
2.208120
2.766458
2.430082
1.877687
2.847802
2.870294
2.629318
1.424678
2.273093
4.036913
1.225759
-1.049962
-0.083095
-0.069820
-1.135963
-0.042526
-1.133419
-1.217761
0.677393
-1.268402
-0.309006
-0.184596
0.526695
-1.748080
-0.626189
0.283708
0.521542
1.021945
0.228688
-0.819777
0.701715
1.808348
-1.377036
-1.609100
-1.288306
-0.058771
-0.915591
-0.114216
0.019023
0.492023
1.088537
2.509507
1.336744
-1.304331
-0.273418
-0.301317
-0.103158
-2.245665
-0.182408
0.221804
1.506256
0.911018
1.373893
-0.557723
-0.810632
-0.258273
0.394196
-0.305704
-0.397892
2.883721
-0.641695
0.086271
0.410037
0.510448
-1.011074
-0.732242
-0.091001
-2.352611
0.117323
-0.898304
-2.317784
0.436797
-0.134388
-1.347962
-0.798858
1.232316
0.307602
-2.696596
-0.791165
-0.860860
-2.022338
-0.676630
-0.195563
-1.622557
1.291904
-0.040625
0.602935
2.779904
0.483075
0.586084
0.266006
0.495313
-1.555754
-1.827257
-1.588096
1.090302
0.494857
-0.967412
0.273366
1.258012
-1.558705
1.266275
-0.025842
0.854622
0.485495
0.664557
1.058661
1.087302
-0.444617
0.264742
