0.000000
1.842110
0.023649
0.629393
-1.177742
-1.727070
0.252168
-0.944011
0.024262
0.113547
-0.017827
0.301346
-1.088597
-0.082812
-0.314130
-0.510484
-1.434360
0.009085
0.064997
0.023829
-2.433623
-0.926874
-1.239993
-0.576401
-1.162884
0.275534
-0.773798
-0.927667
0.736261
0.289707
0.937118
-0.221178
1.696658
-1.215537
1.849503
0.450209
-0.988054
-1.660621
0.231798
-0.559582
-1.180099
-0.948500
0.728545
-0.030461
0.497839
2.891739
-1.697779
-0.070347
-0.232641
-0.272146
0.107494
0.528030
0.726933
0.606076
-0.043049
-0.835432
0.021199
0.266282
1.019009
-1.190128
-1.318459
-0.169810
-3.274354
0.717760
-0.144690
-0.352850
1.511834
0.991893
-0.844916
-0.411763
1.290473
0.527927
0.903277
0.101382
-0.973915
-1.303944
-1.759532
-0.853546
-0.439925
-0.101413
1.541930
0.872047
1.050467
1.646540
-1.119175
-1.283247
-0.901266
-1.158299
-0.581539
-0.725766
-1.516506
-2.462136
-1.670786
1.072768
-0.149731
-0.195132
-0.567021
-1.656693
-1.934638
-0.282894
-0.634849
0.498450
1.119112
0.172562
-0.297797
-0.825705
0.650408
-0.354734
-0.682976
-0.657514
1.663272
1.566498
2.747911
2.243632
0.962253
1.279723
2.007130
1.622830
0.409406
0.151823
-0.193738
0.177138
0.978151
0.137041
-1.113715
-0.379407
0.007000
-0.052329
0.345730
-0.188353
0.023069
0.334835
0.676647
0.411387
-1.593735
-2.099048
-0.850567
-0.283176
0.405363
1.221947
1.993144
1.094299
1.943052
3.141540
4.296717
4.068230
5.302233
4.863212
2.414781
1.572221
1.885512
2.723814
2.666949
1.808966
-0.123013
-0.374013
0.021050
-3.303140
-2.173078
-1.253837
-1.440150
-0.784622
-0.865844
0.606192
-1.144887
-0.165830
1.496862
1.764150
-0.327017
-1.428226
-1.521500
-4.110153
-3.020063
-4.216320
-3.172081
-1.868197
-2.964369
-2.369872
-2.629725
-0.618646
-2.428650
-1.915630
-2.256223
-0.653239
-0.342251
0.988898
0.485526
1.409702
1.770936
0.870512
0.878856
0.297441
-0.512061
1.554458
2.118539
2.211835
1.907959
2.111830
3.701289
1.908432
-0.331436
-0.438134
-0.094480
1.151115
1.135294
2.559045
1.680395
0.052528
1.772539
0.098773
-1.085426
1.279850
-1.505228
-1.516556
-1.138711
0.066542
-0.318661
-1.055398
-0.841664
2.437665
0.276654
1.024021
-0.793172
-1.301033
-1.556213
-0.825947
-1.358651
1.235256
-1.539922
0.191646
1.038978
0.573952
1.019799
-0.088427
-0.391149
1.060396
0.307150
0.897401
-1.080913
0.228128
-0.655222
1.356042
0.117143
-1.270060
0.472374
-0.648297
-0.355156
-1.571342
0.899135
-0.421182
-0.597809
-0.918327
1.188285
-1.768888
1.032343
0.566538
1.964816
-0.066158
1.657123
0.601132
-0.147520
-1.754836
0.403291
1.155582
0.149201
0.398567
-1.003098
-0.810153
1.536872
-1.085597
-0.579802
0.646526
-0.961357
-0.693450
0.567601
2.308900
-0.223468
1.539955
3.309504
1.089894
0.545737
-0.284056
0.411386
-0.727499
-1.046582
0.601719
1.221037
2.233361
0.444114
1.484190
-0.005208
-0.717033
-0.746644
-1.300192
1.071972
0.613022
-1.411620
-2.099715
-1.154375
0.223821
-0.417759
-0.724009
-0.349998
-0.698015
-1.404543
1.065792
0.439861
0.714251
1.068196
-0.021956
-1.519786
-0.899430
0.986338
-0.320535
1.762867
2.392909
1.248940
-0.239788
-0.850312
-1.112049
-2.107646
-0.552199
0.184162
-0.366345
-0.445513
0.863376
-0.417423
-1.799983
-2.107592
-1.642428
-2.075833
-1.800105
-1.816163
-1.457040
0.519580
1.692321
3.212457
2.679668
0.926155
-0.062279
1.104622
2.133612
1.400698
2.242593
2.633600
1.187299
0.911078
1.822118
2.308653
2.680085
1.256075
-0.371873
-1.088529
-0.019036
0.141234
-0.216759
-0.385791
0.629322
1.941346
2.450891
2.938660
2.806386
3.074462
0.372317
-1.233979
-1.961460
-0.956217
-0.419331
0.293764
0.524525
-0.429955
-1.060190
-1.616586
0.117650
0.884534
0.485546
2.605755
4.339848
3.359847
2.273990
3.579239
4.229875
4.686358
4.130852
3.783933
4.609401
2.862624
2.735974
1.297476
0.347289
0.432810
0.358704
0.544692
0.419575
0.166177
0.433381
0.858353
0.673207
0.407687
-0.924342
-1.129077
0.073595
0.873647
0.337575
0.221379
-0.346078
-2.095363
1.902345
1.116274
1.346623
-0.938007
-1.216380
-0.863210
1.884848
1.266667
-0.210975
-0.155974
-1.435058
-0.242770
-1.758108
2.321837
0.242914
0.203979
0.745735
-2.028188
-0.210662
-0.705287
-1.109150
0.602570
-1.811897
-0.131779
1.604604
-1.447807
-0.252064
-1.230088
-0.038213
-1.027726
0.601787
-0.781655
-0.739233
0.907263
1.079360
0.381571
-1.262508
0.204188
1.833416
1.152380
0.907554
-0.176094
1.386109
0.305377
-0.704219
1.543473
1.062542
-0.826921
-0.868593
-1.335125
-1.551173
-0.347702
-0.604273
0.083815
-1.193014
-0.398950
-0.653930
0.769778
-1.592664
0.577976
0.550715
0.617532
0.482865
-1.041756
0.079088
0.929822
1.698628
0.329470
1.555553
-0.107431
-1.280343
0.665719
-1.256105
1.476575
-0.398782
0.715863
-0.226257
-1.276596
-0.396545
2.405874
0.523337
-0.099383
0.344526
0.179053
0.608980
0.509576
-0.683926
-0.092664
0.703561
1.193477
-1.070225
-0.377656
-1.878212
-0.946927
0.797810
-0.219152
0.737667
0.035454
0.477448
-0.655245
-1.189073
-1.233140
-1.881807
-1.023898
-0.288400
-0.776238
0.083783
-0.032982
-0.633558
-0.645777
0.239188
-0.410737
-0.464772
-0.309945
0.056875
-0.111527
1.622705
0.748667
1.384882
1.948039
2.955635
4.534131
5.676013
5.098636
5.334265
4.249742
2.840473
4.901721
4.790236
3.594772
2.442618
3.672189
2.956433
2.635409
1.918131
1.169500
0.581792
1.359640
1.193580
-0.430557
-1.121021
-3.885970
-2.725856
-2.827436
-2.297233
-1.037966
-1.621986
-2.094608
-1.366456
-0.447518
-1.456379
-0.695251
0.017180
0.132506
0.018886
-1.936402
-0.007458
-0.373268
-2.558956
-3.070310
-0.547785
-0.580294
-0.380752
1.179270
1.463233
1.199670
1.668934
0.454593
2.530442
1.332455
2.913678
2.549897
3.112965
4.869146
4.609228
4.938103
5.574562
4.627090
2.825487
2.414255
1.483211
1.892034
2.929202
1.061679
-0.138438
-0.858138
-2.242203
-0.729737
-0.808944
-1.273807
-1.377484
-2.306331
-2.492614
-1.195754
-1.213735
-0.816730
0.150433
0.082779
-0.525666
1.334571
-1.980748
0.684289
-0.040750
-1.365681
0.261557
-0.319647
0.121560
-0.574789
0.203350
-1.085399
-1.410557
0.627741
-1.420170
-0.142824
-1.354621
-1.698558
0.929631
-0.136262
-0.518285
0.589909
-0.730436
0.511968
1.196768
1.070424
-1.158677
0.566134
0.652621
0.417294
-0.328844
-0.561922
-0.914911
-2.083147
-0.555386
-1.206934
0.242660
1.855119
-0.216195
-0.898392
-0.808410
0.586014
0.596168
1.934543
0.007349
-0.915618
1.566004
0.166227
0.809993
-0.753444
-0.037629
-0.593947
0.441300
1.368067
1.634541
-0.971036
1.352633
-1.110821
-0.803420
0.278844
1.356408
-0.409555
0.617304
-0.440068
-1.679764
-1.136118
-0.433355
1.999956
-1.711275
-1.474427
1.181940
1.099551
-0.059331
-0.357393
-0.054312
-0.373622
0.105008
-1.175414
-0.851346
1.610617
-0.030631
0.479489
-0.337001
-1.610167
-1.106878
-1.355734
0.772024
-0.256959
-0.904532
0.459384
-0.679917
0.573973
1.127649
-0.670480
0.638092
0.390776
0.468683
1.414199
2.175723
1.184953
0.731373
1.372428
1.566511
-0.305470
-1.585242
-0.493555
-0.391247
-1.000411
-3.666588
-3.396379
-3.302178
-3.127039
-2.424513
-1.917250
-0.490883
0.278880
-1.569782
-2.573912
-2.779131
-2.852175
-0.959147
-0.915782
1.239582
1.524892
-0.483668
1.342536
1.430591
2.234411
2.354174
2.618335
2.527417
1.597357
1.509385
-0.999190
-2.562319
-0.304340
-0.700093
1.260813
1.060364
-1.288257
-1.080633
-1.504821
-2.169955
-3.461291
-1.640215
-1.133144
0.111185
-0.037441
-1.135575
-2.775091
-0.284562
-0.211269
2.140662
0.831046
2.964149
2.890804
2.343624
1.741517
0.499870
0.864567
1.441087
0.428874
-1.215512
0.385485
2.208107
3.024602
2.308981
0.964200
-0.128854
-0.861818
-0.055062
1.424094
-0.175544
-0.813661
-1.010546
0.887848
0.623882
-0.861941
0.318363
2.044739
2.847796
2.032663
2.373309
3.096506
3.430742
2.823240
1.303535
3.152717
3.624254
2.688277
2.340419
4.044519
4.079840
3.717954
2.846966
1.067655
0.489602
0.124453
1.014033
0.691832
-0.031712
-1.413732
-1.277932
-1.695751
0.203187
0.432333
1.216910
-0.378903
0.686570
0.317763
0.326553
-1.334240
-1.423513
-0.476229
0.485588
1.508643
1.585877
0.700217
-0.482271
-1.118289
1.415799
1.324139
-0.232628
-1.449755
-2.058867
0.599926
1.187276
-0.243060
-0.478144
-0.678607
-0.063192
0.018216
-0.205513
-0.212134
-1.836230
-0.278198
0.015658
-0.649490
0.680871
1.333970
-0.918450
-0.803122
0.827997
1.036977
1.273262
-0.200952
-1.233350
-0.148349
0.018379
0.038802
0.936888
0.720043
-0.264785
0.596121
1.388921
0.109408
0.796380
2.048154
0.522583
-0.989159
-1.845183
-1.914008
-0.220057
0.591612
2.037715
-0.654376
1.016929
1.206524
1.546046
0.371436
0.597919
0.485112
0.545663
1.142781
1.917184
0.027215
-0.807390
-1.672404
-1.201402
-1.551468
-1.285730
-0.111305
-1.075758
0.039243
-0.948111
0.836403
1.332318
0.010351
1.265601
0.362234
0.711855
0.198659
-0.544173
-1.190023
-0.619778
-1.442844
-0.641645
1.508856
-0.271861
0.857577
-0.672757
-2.989719
-1.552286
-1.177012
-1.652654
-3.025594
-2.747011
-4.076107
-3.667921
-3.546254
-2.169952
-2.485391
-1.749744
-1.826474
-2.480403
-0.878686
-1.592809
-0.952585
-1.295610
-0.483778
1.018713
1.223059
0.913110
1.080899
0.822600
0.540412
0.760035
1.648560
1.528893
0.427884
-1.240017
-0.573467
-0.207043
-0.750484
-2.325933
-1.563405
-3.637018
-2.220784
-2.636401
-1.286139
-0.943720
-0.013761
-0.313887
-2.562491
-1.508371
-2.223388
-1.728545
-1.956015
-1.856956
-1.763921
-1.388763
-0.418825
-0.642870
-1.382853
-0.253979
-0.409139
1.147548
0.472932
2.085152
1.787282
-1.707927
-1.536751
-0.758876
1.157469
1.768071
1.011714
0.741171
0.262637
0.089599
0.263280
0.846942
1.706434
2.426567
1.042542
2.513260
2.691072
1.600649
3.165663
3.287128
5.213399
3.840535
3.586513
3.506801
1.730752
1.728240
0.929676
0.444257
1.460344
1.337834
1.557368
-0.311363
0.565407
1.351620
2.451780
1.926106
1.584471
-1.091269
0.813972
-0.208124
-0.666029
-0.697274
-0.213851
1.465606
1.316873
0.787343
0.363469
-0.938924
1.806979
-2.202224
0.601421
0.319406
-1.265306
1.217642
0.428614
-1.873482
-0.417997
0.846108
-1.484402
-0.918614
-0.646905
0.285304
-1.646762
1.137962
1.445664
0.551420
0.287990
-0.080096
-0.346835
0.265441
1.034565
0.901245
0.475869
-0.684226
0.906008
-0.370731
-1.857058
-0.053757
1.851877
-1.195520
1.034982
-0.623513
-0.676079
1.957552
-0.108750
-1.586014
-0.544152
-1.029601
-1.905283
-2.112608
2.139303
0.254527
-0.087728
-0.814192
-1.064293
-0.659546
-1.374206
-1.444503
1.023963
2.497117
-1.197323
0.235170
1.410027
-0.232507
-2.328242
-0.036312
0.135107
0.379194
-0.074433
1.057053
0.955352
-0.657331
0.634577
-0.171818
0.200795
-0.002395
-0.476383
-1.316850
-0.254014
-0.880268
-0.612810
-0.226029
1.070864
1.450174
-0.947790
2.750036
0.264366
-0.415117
-2.691337
-0.071004
1.979911
-1.560536
0.422793
0.260518
-0.796316
0.246448
1.295827
-0.010451
0.083731
-1.183389
0.525346
1.411952
0.512033
-1.520248
-0.316484
-1.219991
-1.727951
-3.411883
-3.503676
-4.144536
-3.711452
-3.796657
-4.192731
-2.883596
-2.952802
-4.856555
-2.846262
-1.114003
-1.487057
-0.919761
-1.451760
0.483749
0.920782
1.750610
1.973903
3.174380
1.290371
0.470655
1.568102
1.804394
1.716641
2.307523
1.802034
2.653414
0.855332
0.746721
0.932027
1.333674
0.373240
-0.898838
-2.347105
-1.701366
-0.799219
-0.477672
-1.276107
-2.349356
-1.014767
-1.761750
-2.760156
-2.225284
-1.991267
0.510471
1.307759
1.025144
-1.007919
-0.747861
-0.509905
-0.354759
1.067851
2.767553
2.838592
1.931611
1.385969
1.331630
1.323182
1.842841
2.048671
1.840182
0.157527
0.092517
0.956906
1.005019
1.984482
1.890712
1.666716
0.302002
-1.194745
-0.560018
0.418607
0.500979
0.571095
0.204746
2.053321
2.361379
2.702663
3.131119
4.303425
3.869581
2.722188
2.699042
3.368392
3.712787
3.598325
2.561132
2.004952
1.395906
1.690342
2.877608
0.364974
-2.397891
-2.356785
-0.116081
1.009499
1.448451
-0.439422
1.505381
-1.640815
1.042627
1.129772
1.166874
0.548849
1.389036
0.002032
0.873307
-0.641289
0.518290
-1.327366
0.814717
1.890522
-1.167771
2.144785
-0.258222
0.035970
0.112442
-0.655769
-1.161347
-0.211018
-1.708978
-0.899126
0.082925
1.398164
0.040443
-0.022905
0.194715
0.639953
1.024979
-0.458123
0.938909
-0.339362
1.142525
-0.396548
-0.955506
-2.633892
-0.410259
0.365882
-0.059150
-0.906834
-0.121780
-1.873232
0.398849
-0.404026
-1.142920
1.422879
0.973158
-0.233425
1.452569
-0.035111
0.163156
-0.073592
-1.774631
0.310996
1.262351
-0.889714
1.833085
2.200570
0.421961
-0.755079
-0.979102
-1.080413
0.297332
-0.611700
-0.789626
-0.295297
0.927409
1.788550
1.129532
0.070455
-0.465319
-1.184357
-0.384204
1.073853
-0.598943
-0.396736
-0.250432
-1.753500
-1.206413
1.102308
-0.629946
-2.732069
-1.346159
-0.643868
-1.007643
-0.222458
-0.333950
0.720154
-0.291990
-0.838971
-0.290319
-1.353141
-1.379405
-1.330394
-0.878798
-0.679737
-1.147800
-3.001811
-0.994346
-1.934605
-2.949438
-5.082507
-4.471960
-4.072141
-3.697216
-3.731470
-3.193440
-1.748325
-2.161866
-2.234243
-2.171118
-1.082892
0.347732
-0.718275
-0.232054
-0.419416
1.095167
-0.253260
1.410285
0.597770
-0.276503
-0.612867
0.390005
1.258381
0.877484
0.875932
-0.151525
2.652793
1.945033
2.138973
1.757406
1.969012
2.436691
1.046186
-0.562620
0.989342
1.884492
3.045885
2.322734
1.649586
2.086173
3.037473
2.704693
2.636119
2.361614
2.758496
2.317450
0.478041
1.450798
-0.174752
-1.399430
-1.551545
-1.366332
-1.508184
-1.050694
1.004467
1.149633
0.266422
0.171146
0.608468
0.384618
0.095718
-0.454608
-0.283320
-0.429778
-3.253655
-2.333371
-1.756365
-1.670326
-1.576267
-2.873574
-3.074540
-1.507639
-1.713671
-3.912872
-2.048384
-0.593611
-1.229951
-2.809778
-1.708784
-2.487729
-3.249804
-4.015735
-3.465719
-5.659415
-2.211006
-2.339384
-2.612821
-1.845255
-1.967313
-3.067388
-2.659868
-3.166346
-3.204929
-3.467165
-3.089283
-2.719670
-1.024009
0.575127
-1.180806
0.302745
0.194074
0.890129
-0.979481
0.307687
1.082373
1.500713
0.880048
0.130704
-0.110225
-0.591694
-1.398214
-1.133812
0.255931
-0.124501
-0.252165
-1.042883
-0.271309
0.436255
-0.058382
1.521357
0.568070
0.475717
-0.317629
1.239887
-0.162757
-0.998135
1.136122
0.400759
-0.515360
-0.091398
-0.386476
1.884472
0.594754
1.237677
1.178368
-0.437631
-1.344467
1.108106
0.913489
0.686656
-0.521238
0.309492
-0.797363
0.478978
-0.322187
-0.165630
1.070271
-0.300117
-0.294318
-0.323497
0.482637
1.109602
-1.514215
-3.257885
0.445151
0.626240
0.533871
-0.360732
-0.998644
1.363318
-0.579937
0.871624
-1.006209
1.556173
0.224712
-0.412070
0.698988
1.299545
1.555640
-1.040095
2.841740
0.075226
-1.602482
-1.053380
0.312824
-0.451187
-2.693805
-3.148308
-1.775305
0.116858
0.502299
1.529636
0.432277
0.136280
-0.081779
0.229424
0.785031
0.534431
-1.601000
-0.830873
0.046884
-0.523284
1.495467
0.689309
1.218589
1.171008
-0.762518
-0.728108
-2.351561
-1.943592
-0.899199
1.186814
1.025045
-0.227602
0.086588
-0.060462
-0.820713
-1.128202
-0.259049
0.082432
0.102337
0.114662
-0.383893
-1.539837
-2.186420
-1.713451
1.264685
1.479696
-0.144635
-0.989927
-1.364124
-0.026895
-0.067946
0.654293
0.851584
2.105202
0.304796
-0.761530
-1.398027
-1.791125
-1.445331
-1.501356
-1.500217
-1.507761
-0.889554
-1.879871
-1.740788
-5.604941
-4.780632
-5.338757
-5.980908
-5.351122
-4.611456
-5.112154
-4.059270
-3.711709
-3.239330
-3.356851
-3.039867
-3.283126
-4.074972
-3.600217
-3.005878
-3.444727
-3.032589
-3.955276
-2.911713
-3.102319
-2.317017
-4.068333
-3.733585
-2.069449
-1.623338
-2.031273
-0.581321
-0.570423
-0.224282
0.191626
0.606178
2.133238
0.687100
1.057399
-0.169372
0.172368
-1.051289
-3.065409
-2.528444
-2.616782
-2.264245
-1.282622
-2.502145
-2.703652
-2.977727
-2.471251
-2.167685
-2.746723
0.035048
1.030839
-0.280683
-0.674490
-2.100493
-1.747792
-2.131847
-3.813620
-2.084598
-0.499032
-0.152824
-1.170472
1.031904
2.972409
0.140391
-0.657183
-0.523814
-0.878532
-0.515560
1.697497
-0.417489
-0.396606
-0.302544
-0.651405
-0.263041
-1.468207
-1.050569
0.412588
-1.092378
0.332860
-0.591224
-2.499459
-0.346117
-0.332828
-2.650384
-0.454448
-0.721713
0.253177
-1.355583
0.803686
1.320706
0.209285
1.065992
1.943356
-0.136205
-0.157119
-0.338148
0.783294
0.146620
-0.962000
-0.302361
0.505151
0.677139
0.207820
0.404095
0.091323
-2.282094
0.331530
-0.391349
0.849077
-1.002719
-0.050803
0.178950
-0.875103
-0.852664
0.989520
-1.373926
-0.840607
-0.290929
-1.032669
1.216319
-0.053818
0.139261
0.063191
0.970702
1.073159
-1.360096
0.713408
-0.780324
-1.963189
-0.914204
2.313379
-0.502863
-2.300472
-1.117159
-1.221426
-2.261446
-0.050624
2.144192
0.346725
0.892588
1.296892
-0.704563
-0.730586
-0.894398
-2.416434
-1.015793
0.220630
-0.074128
-2.045406
-0.714083
1.453438
-0.997536
-0.510754
0.586909
-1.335908
-1.424208
-1.513748
-0.829582
0.447965
-1.049253
-1.043459
-2.329893
-3.190876
-2.822013
-3.168265
-1.557105
0.091219
-0.833641
-1.797019
-0.422779
0.410545
1.506930
1.117457
0.503580
-0.232180
-0.133163
-1.115810
0.725049
0.542646
1.729649
2.406499
1.553840
1.366078
-0.909922
-0.798897
-0.794591
-0.408630
-0.340876
0.861214
4.658469
5.039082
2.902485
2.297073
2.371509
1.278519
1.450478
0.246530
-0.557516
-0.110736
0.115425
1.167209
0.978080
0.864227
0.571150
-0.098088
-0.568138
-1.211207
-1.267084
0.381444
1.497352
1.526610
2.298338
0.864011
2.388996
2.541177
1.550987
1.932762
3.132548
2.282275
2.973770
2.333913
2.973219
0.961065
1.615451
2.797875
1.992581
2.552295
2.642520
0.775804
3.105203
0.888218
-0.510512
1.059412
0.208032
-0.272051
-0.736114
-1.885862
-0.215581
-0.589589
-1.096586
-0.446391
0.563717
-0.487510
-0.552898
-0.534025
-0.063223
1.251219
3.193940
3.020027
2.951421
2.341360
0.560024
1.093579
1.016068
1.124609
0.443078
0.055132
-0.807289
-1.385408
1.021240
-0.178443
0.058551
0.007849
0.231299
-1.674951
2.388281
0.168104
0.917078
-0.391278
-0.568363
0.935721
0.032938
-0.574586
-0.222130
-0.102103
-0.785652
-0.803661
0.251857
-1.008204
0.775968
0.093144
-0.435903
1.149074
0.368780
-1.446145
1.444408
-0.431018
-0.903503
-0.012518
2.433708
-0.569147
0.180675
-1.578961
0.405251
-0.868846
0.162854
0.156061
0.429715
0.692301
0.616696
1.079553
-1.357522
-0.745326
-0.170561
-0.599314
0.305206
1.470785
2.105812
-0.613366
-1.808132
0.659110
2.169975
0.957231
-1.205911
0.851811
1.374001
-1.897546
0.595114
-0.386954
-1.541043
-2.275132
0.288971
1.469109
-0.810413
-0.404812
-0.138422
1.040774
-0.230099
-0.758615
-1.655473
-1.021939
0.911689
0.183798
-0.407406
0.445594
-2.184300
2.215475
0.238301
0.629698
0.228749
-0.765817
-0.765365
-0.143885
1.539541
-0.869281
-0.093017
-1.369755
0.566851
0.606721
0.421253
1.354589
3.486322
2.132842
3.283384
2.357390
2.130888
2.944821
0.907804
0.836574
1.972124
0.201606
-0.595676
-1.320140
-1.478726
-0.961970
-0.035806
0.653707
0.709357
0.571793
0.019862
0.014802
0.601469
0.230785
0.720563
1.207189
0.529709
0.461817
1.399561
-1.043408
1.884150
0.491418
-1.161828
-0.477527
0.230426
0.359313
2.135612
2.714981
1.296706
1.789233
0.922688
-0.332664
-0.317144
-1.094402
-0.770693
-3.003111
-3.006436
-2.588304
-1.250367
-1.859263
-0.140525
-0.073468
0.191618
-0.583778
-0.973755
-1.528277
-1.094877
-0.750224
0.740299
1.306014
2.007653
2.779035
2.362533
2.263996
1.873232
0.405873
-0.640466
-0.945638
0.019166
-0.317755
-0.830338
-0.718903
-0.676879
-1.849489
-1.118635
-1.233898
-1.967231
-1.342105
-2.610242
-3.934389
-4.655482
-3.140146
0.035732
-0.125717
1.421759
0.774178
0.271200
-0.183318
1.312035
0.804879
0.720093
1.419487
0.723938
-0.131647
-1.290905
-0.869935
-0.612154
-0.629300
-0.360132
0.006927
-1.625083
-1.626230
0.243516
0.544134
-0.121348
-0.983067
-2.123407
-1.840994
-0.898459
-1.002687
-0.861728
0.477614
-0.116634
-0.489468
-0.417373
0.364049
-0.183349
-0.954607
-0.391972
-0.664790
0.343152
1.368031
0.687901
-0.594808
-0.880453
-0.185299
1.094837
-0.948823
-0.144924
0.605908
2.187441
1.104918
-2.064820
0.036729
1.838439
0.442255
-0.366909
1.429139
0.269048
-0.570678
1.596004
1.197605
0.275471
-0.689484
0.903613
0.445987
1.624206
0.432555
-0.392747
-0.670444
1.019350
0.974130
0.491763
-0.001317
1.317738
-2.082691
0.627648
-1.169480
-0.010086
0.469284
1.261867
1.526493
-0.954878
-1.509597
0.330653
-0.131504
1.971949
1.353046
0.946710
-0.543150
-0.766946
2.015587
-0.289734
0.189728
0.492543
1.140489
0.166711
0.127517
1.371894
-0.813978
-0.555886
-0.929828
-0.062274
0.138030
-1.339902
0.577488
-0.125895
0.752276
0.870421
0.615214
-0.196280
-0.490771
0.529341
-0.487829
-0.110866
0.032517
1.418729
0.710017
1.471979
1.684115
2.318443
3.025769
1.859516
0.472707
-1.514440
-3.732659
-2.982087
-2.307660
0.048416
-1.236383
-1.332686
-2.021237
-3.373413
-2.306534
-0.390811
-0.274239
1.696728
0.453843
-0.535367
-1.172724
-1.676602
-1.604473
-2.671900
-1.235019
-1.786965
-2.066561
-2.801226
-1.045855
-1.132017
-2.684136
-2.594122
-2.498692
0.214076
0.265369
1.919326
1.449947
2.366339
1.325634
0.269136
0.207437
0.440854
0.933755
2.373750
1.364874
1.321629
1.020124
-2.270657
-2.719353
-3.764255
-2.579221
-1.447579
-1.147820
-1.821923
-1.830131
-2.774386
-2.300160
-3.475184
-2.102060
-0.696943
-0.941288
-1.305209
-1.636778
-0.673020
0.657174
0.088530
-1.178638
-2.473568
-0.585877
-0.578284
-0.983336
-0.122319
1.146103
0.611591
0.933299
0.652967
-0.166102
-1.071469
-2.899552
-0.587206
0.294877
-0.179280
-1.964635
-1.691925
-1.043811
-0.548229
-0.514477
-0.725476
-2.749296
-0.680915
0.484517
0.544660
-1.641988
-2.582772
-2.161497
-1.287742
-0.557713
-0.718677
-1.285790
-2.884060
-2.836204
0.399224
-0.760235
0.904774
1.517566
-0.335038
-0.711362
-0.940051
0.411367
1.024762
0.134524
0.903836
0.133185
0.545143
-0.698528
0.626467
-0.030522
0.056183
0.572895
-0.215493
-0.827970
0.390397
0.565898
0.681532
0.139138
0.880115
-0.762382
-0.475625
0.487607
0.277663
0.043713
1.910675
-0.575974
0.418825
0.569495
-0.828452
2.040333
1.793579
1.639804
-0.180139
-0.635859
0.190934
0.678478
-1.017363
-0.244957
-1.763499
1.567112
0.191059
-0.319520
-1.281886
-0.599225
-0.177966
0.104437
-0.898228
0.869435
-0.541409
0.665590
-1.515027
0.177071
0.049129
-1.348056
0.854109
1.518747
1.392054
2.317895
0.479460
1.467492
-1.141326
-0.147720
-0.577021
-1.652848
0.736518
-0.979958
-1.039037
1.456929
0.336586
1.050548
-0.405573
1.507481
0.709410
0.206687
0.183052
0.379104
-2.698708
-0.885632
1.148763
0.844129
-0.318175
-0.623540
0.190467
0.722694
0.150646
1.273117
0.960972
1.529691
0.371883
1.192576
0.527783
1.044262
0.790000
0.281620
-0.350607
-1.176749
-0.906196
0.324460
1.310498
0.921001
1.234599
0.828189
0.516594
1.792521
-0.331811
0.392482
1.081371
1.647575
2.899561
2.326621
1.243105
0.972132
-1.337913
-1.452070
-2.522825
-1.031395
-1.794941
-3.631086
-0.983743
-2.079455
-0.264287
0.621980
-0.196596
-1.667430
0.669487
-0.131082
-0.746994
-1.853215
-1.000884
-2.536687
-1.632349
-1.182354
-0.376245
-1.003254
0.795300
1.780285
-0.396207
-0.193402
-1.035694
-2.626059
-2.067159
-0.253739
-1.187976
-0.940495
0.357125
0.292671
0.851190
-0.703539
-1.200800
-0.127436
0.219937
1.850662
3.182239
3.630672
2.056428
1.051684
1.704844
0.828962
-2.125641
-1.447823
-1.716379
-0.916753
-0.257718
1.037585
2.698394
0.513672
2.091054
-0.101082
-0.054872
1.000391
0.140690
-0.039589
-0.496514
-0.403224
-1.359727
0.122641
0.044021
0.813569
1.419390
0.727051
1.310828
1.651996
1.528931
-0.449434
-1.419182
-1.909105
-2.427497
-3.377893
-2.969386
-2.196337
-2.518910
-2.727737
-0.077048
-1.190012
0.534618
1.101552
-0.412589
0.141801
-0.096280
-0.354411
1.464079
1.580327
1.542928
2.701691
-1.849227
-1.064395
-0.935563
-0.264041
0.146775
1.516761
1.994564
-1.785144
0.053975
0.414997
1.317721
-0.742597
0.087046
-0.564043
1.601682
1.731430
0.599040
0.764347
0.946630
-0.421904
-0.026737
-0.892662
-1.065144
0.734418
0.680120
0.179761
-2.281213
-0.063798
-1.587557
-0.163479
-0.884011
-0.867223
1.013773
0.538844
-1.939940
-0.654004
0.392220
-0.678494
0.812315
1.083489
1.069622
-0.025692
1.135277
-0.508398
-0.267446
1.560452
-0.305374
-0.203238
1.013271
0.668829
1.895399
-0.071055
-1.111646
1.342108
-1.121041
-0.073220
-0.854139
-0.630005
-0.007956
1.158102
-0.224995
-0.842023
-1.212660
0.883051
-1.090070
0.173704
0.776637
0.607804
2.149312
0.461737
-0.902836
-1.594063
0.525875
-0.872634
0.296611
1.590176
1.078296
0.292644
-0.402031
0.442701
-0.854237
0.123074
-0.688790
-0.975755
-0.786082
-1.629751
-0.078162
0.955334
0.253170
0.085632
0.253080
-0.970355
0.234385
-0.975408
-1.112172
-0.703319
0.932589
1.983511
1.984224
2.310843
0.700326
0.363453
-0.182686
-2.317191
-2.873548
-1.384915
-1.350870
-0.501882
0.493062
-0.791423
-0.697371
0.586803
-0.163785
-1.585019
-2.344148
-1.942410
-2.568470
-0.734813
-0.953553
-1.715524
-0.912686
-0.362643
-0.031588
-1.745520
-1.995590
-0.774064
-1.475380
0.440640
0.078084
0.799844
1.055214
0.983377
0.938200
1.250174
-0.199951
-1.987798
-2.408499
-0.064661
-0.729235
-0.566343
-1.282146
-2.897231
-1.992758
-2.350216
-3.981589
-1.549301
-0.194181
0.630476
0.276919
0.256782
1.527141
3.305284
2.828580
1.252649
-0.428560
-0.655592
0.040460
2.574835
2.308222
1.872267
1.025416
0.701437
-0.874735
-0.256097
-1.003013
-0.156916
-0.315442
-0.914551
-0.805004
-1.190839
-3.062708
-0.738516
-2.944452
-1.058226
-1.815858
-2.792105
-2.554478
-1.542197
-1.503676
-2.867460
-1.264527
0.543078
0.856306
0.709501
0.496636
0.964711
0.412692
1.152077
1.403647
1.030200
1.310784
-0.051571
0.750382
0.764208
-1.610849
0.884091
-0.721759
-0.796593
0.005525
-1.115521
0.542993
0.316345
0.580156
-1.053628
-0.369112
0.629961
0.733140
0.092485
0.678567
-1.351531
0.161967
-0.772976
-1.170805
-0.465116
3.069938
1.279493
-1.108737
0.139465
0.440820
1.011453
0.814063
2.343280
2.208985
-0.199637
0.742027
-1.685754
-0.212314
0.683564
-0.118884
-1.082078
-0.204927
0.351943
1.312339
-0.498732
-0.733684
0.773990
0.140844
0.786567
2.346472
-0.235930
-0.026563
0.888988
0.668365
-0.348580
0.429242
-1.678670
0.017351
0.452534
-0.767033
-0.483557
-0.236208
0.775596
0.605501
0.365348
-0.234951
-0.086750
-0.420713
-1.352483
0.910174
-0.580207
-0.034509
0.541696
0.364076
-0.298259
-0.119644
-0.233534
-0.301473
0.652040
0.930860
0.383637
1.888411
-0.734584
0.867995
-0.521159
1.557363
-0.403941
1.058433
0.127885
-0.833211
0.903905
-0.202638
-0.359382
0.839669
0.284459
0.689549
1.075944
2.085755
1.312038
2.181605
1.517450
0.082990
0.250228
-0.009182
0.006357
-0.094128
2.942986
2.022374
1.762749
-0.272875
0.981707
1.493827
1.124115
1.056065
2.499872
2.830167
1.948817
0.185435
2.178533
3.365580
2.209900
2.488398
2.485415
0.599239
1.092331
1.056035
0.801078
-1.168590
-1.829039
-3.032268
-2.803951
-2.387657
-0.875774
-1.131805
-1.292230
-1.802720
-0.733422
-0.606218
-0.878755
0.029663
1.003289
0.045459
-0.242246
0.018345
2.401421
1.806290
2.254812
2.769264
0.191848
-2.373766
-3.112323
-2.156375
-0.391592
-1.089347
-1.417861
-1.717192
-1.889792
-0.296365
1.401944
1.722716
1.494803
2.344327
3.182040
1.906162
1.402314
1.612541
2.111300
3.043060
1.574558
1.090209
0.003064
-0.316221
-1.176459
-1.681511
-3.277984
-2.065050
-1.921397
-1.451438
-1.254712
-0.345403
0.956962
-0.215248
-1.567289
-0.793623
-0.759019
-0.475898
-1.010691
-2.790896
-0.624731
-0.259089
-1.931453
0.075435
1.122978
0.468743
0.542850
0.226326
0.505356
0.516692
1.952648
3.305308
4.127812
0.076173
0.094803
0.663801
-0.577169
2.196578
0.091728
1.138699
-0.606362
-0.067570
-2.758511
-1.126826
-0.135774
0.531171
-1.123042
0.638117
-1.228165
-0.278745
-1.833599
-0.419947
0.719757
-0.964678
-1.080583
-0.017133
-0.295049
2.046542
-1.030203
1.119830
0.202605
0.249692
-0.287398
1.069572
-0.504472
-0.252567
0.479191
1.750866
0.034121
0.078112
-0.336288
-0.026776
0.739974
0.231145
1.254185
-0.964749
1.308123
0.058569
-1.414819
-0.581888
-0.547976
0.268422
0.825390
-0.310692
-1.161234
0.695640
0.502739
1.184122
0.258213
0.505856
-1.014052
-1.623484
-0.253154
-1.086400
-0.160326
-2.110566
-0.443377
0.102333
1.411437
-1.682145
-1.870246
-0.653190
1.398241
0.491653
-0.652440
-1.698680
-0.040298
-0.212501
0.912139
0.448198
2.405665
0.216202
0.421584
1.233239
0.423049
0.516696
0.190793
-0.779728
1.502048
0.575650
-2.189264
-0.488210
-0.600838
-0.070034
-1.481013
-0.765945
1.456267
-0.314934
0.135625
-0.784250
-1.355108
-0.315265
-1.704408
-0.309914
0.406693
1.584744
1.782387
0.329865
-1.564959
-0.085313
0.671344
-0.833217
-0.183809
0.090180
0.856772
1.818023
3.448643
2.414986
1.737617
1.329240
2.007583
1.954783
2.767576
4.293318
3.884843
3.703975
3.115110
2.934141
2.128377
1.076097
1.781299
2.643911
2.590736
3.518326
3.675126
3.281582
0.163017
-0.655436
0.596906
1.849534
0.980115
-0.116925
0.835331
2.975258
2.587834
2.777768
1.753741
1.107391
1.372863
3.028685
3.447495
2.525422
-0.095661
-0.426846
1.515797
1.211118
1.486790
0.792468
1.084002
0.838445
1.239684
-0.451904
0.261529
0.460008
0.441794
1.009570
1.249712
0.316038
0.698441
-0.102800
0.983139
-0.171459
0.057842
0.119476
-1.394841
-2.370666
-3.532173
-2.942593
-1.464141
-0.807365
-0.288666
0.010110
1.211202
-0.392652
0.597422
-0.322768
0.335732
0.825017
0.877867
1.628815
3.376621
2.977660
2.828963
1.349277
0.685129
1.328245
0.634377
2.062649
4.647288
4.423664
2.666603
2.033786
1.607630
0.597458
1.707357
0.724419
-0.402398
-0.340115
0.199199
0.713931
-0.895508
-1.691633
-0.657602
-0.583312
-0.521976
0.554865
1.412443
2.048638
-0.002021
-2.128481
-1.342179
0.454234
-0.234945
0.107520
-0.638365
1.489354
0.793131
1.501869
-0.137348
0.180625
0.392981
1.547254
0.319482
0.635846
0.625143
-0.398281
-1.704798
0.156837
0.815201
-1.034320
-1.067163
-0.245404
-0.041235
-0.670152
1.041105
0.635082
1.085299
-0.083159
0.510576
-2.197753
0.293990
-0.664242
-0.306302
1.327589
1.848353
-1.424593
-0.251606
2.247211
0.022734
1.056716
-1.045506
-1.264026
-1.320562
0.029146
0.060273
1.095361
0.650688
0.378800
-0.101815
-1.423413
-0.722236
-0.283653
-1.815062
-1.235762
0.534296
0.591441
1.270676
-1.045386
1.137433
-0.312228
-2.017944
-2.325732
-1.634282
-1.276105
-1.738152
0.302819
0.316846
1.302660
0.777375
-0.132772
-0.305200
1.096216
-0.312899
0.758673
2.660026
0.509222
0.098042
-1.009932
-0.845095
0.783275
-1.417027
-2.213372
-1.696116
-2.321258
-0.467939
-1.221350
-0.313577
0.578693
2.212642
1.563200
1.437160
1.703614
1.137532
0.602684
1.321481
3.338826
2.261564
2.567898
0.895329
-0.164915
0.723656
-0.173493
-0.587152
-0.489834
-0.331638
0.183483
0.586076
-0.075928
0.125452
-1.040530
-0.101287
-0.808157
-1.340328
0.370041
0.668741
-0.144426
2.385511
0.645129
0.304567
-1.562483
0.086062
0.967459
1.157737
0.834002
0.393044
0.136714
0.021442
1.120345
-0.079166
0.287413
0.725439
-0.656695
-0.677372
-0.098813
-0.998020
-1.970943
-2.169294
-2.063591
-0.413158
-0.644719
-0.207066
-1.752577
-1.823145
-1.612850
-0.291330
-0.148918
0.469747
-0.676039
-2.517923
0.408926
1.887850
0.918222
1.504090
1.775946
2.141864
1.442456
0.823641
-0.101209
0.871768
0.714260
0.106430
0.480025
0.978506
-0.534514
0.388273
1.127614
0.600388
0.884734
-0.690089
-0.448478
0.834942
0.258676
1.878515
0.342106
0.270214
0.753451
-0.958188
-1.922803
0.673416
1.771930
-0.563140
0.305275
1.032355
0.241562
1.813314
1.089597
0.200699
-0.148556
2.202729
-0.937331
1.846696
-0.918192
-0.466713
0.561311
-0.168666
-0.231260
0.272236
-0.148980
-0.556985
1.831336
-1.017445
0.795947
-1.169970
0.343605
2.243410
-0.574483
0.059954
0.945924
-0.161501
-0.556151
-0.664633
-0.339344
0.716201
-1.779140
0.340217
-0.331009
2.178496
0.313997
1.182740
0.088565
0.365114
0.468212
-0.341097
0.237372
-1.322389
0.323928
0.703842
0.513983
1.979469
-0.751197
1.305383
-0.107708
-2.136879
0.195608
-0.672099
1.443074
-1.253765
-1.207627
2.421192
1.262139
-0.432071
1.492887
-0.736531
0.196475
0.624626
0.853244
0.937039
0.795591
0.832200
1.432509
-0.672752
0.088296
-0.120486
-0.653914
0.962079
0.635100
0.413438
-0.474012
-0.265819
-0.027061
-0.506740
-1.357547
0.284662
0.170451
1.408670
2.962329
0.828902
-0.021946
-0.071227
1.030418
-0.118354
0.307844
0.945998
0.569752
1.868176
0.454676
2.308491
1.174029
-0.175385
0.186230
0.792200
0.643252
1.013552
1.636099
0.191608
0.300220
-0.785750
-1.843362
-1.940520
-1.172200
-2.367873
-1.453994
-2.467851
-2.429108
-2.327132
-1.428745
-1.982046
-1.938638
-1.295813
-2.061837
-1.772894
-2.270093
-0.567017
-0.480617
-1.068195
-0.728203
1.220806
-0.626613
0.175049
0.118832
-0.641142
-1.446003
-2.491631
-2.023423
-1.359849
-1.095192
-1.862490
0.089935
0.710045
1.422387
0.601432
-0.549145
-1.879631
-1.809445
-0.792186
-0.462535
-1.749443
-1.359958
-0.005731
-2.409839
-1.917458
-2.081511
-1.287208
-1.379496
-0.956326
-1.173897
-1.282130
0.187211
0.907969
0.120256
1.388093
0.753666
0.367165
0.867192
2.165671
2.668330
0.024792
-0.546176
-0.277931
1.083961
2.830059
2.588053
3.152209
2.881281
3.397046
2.737287
1.185416
1.432763
1.841401
0.545774
1.815226
0.459051
1.320412
-0.380754
-0.710928
-0.008222
0.708845
-0.670704
-1.906439
-0.195790
1.093322
1.551218
0.214371
-1.156629
-0.543821
-3.504302
-1.639188
-0.408593
-1.101309
1.271343
-0.899493
-0.935892
-1.833951
-0.477375
-2.034772
-0.057046
1.484729
0.667780
1.089659
-1.119552
0.852425
-0.110295
-0.132353
0.941235
-0.954827
-0.398101
-0.059840
0.103849
-0.911879
0.079588
-1.015465
-1.501927
-0.093892
1.087346
-2.179321
-0.110540
-1.371545
-0.652287
-1.158528
0.356888
-0.565052
-0.613782
0.720272
-0.480957
-2.586140
-1.245756
2.033383
0.869063
1.201650
-0.539985
-0.052601
0.276670
1.056239
-1.088271
-0.888833
0.059951
-0.583282
-0.206243
-0.597467
0.898320
-0.772107
-0.284295
0.067849
-0.044447
-1.768403
-0.858547
0.344580
-0.208742
0.904383
0.469795
0.547373
-1.034351
-0.507082
0.954839
-1.049638
-1.787690
0.478441
0.354605
1.158025
0.115766
-1.966384
0.266725
0.742631
0.338106
-0.024645
1.534905
0.259227
0.520843
-0.055431
0.955369
0.042846
-0.501350
-1.069447
0.990803
-0.935331
0.321792
-0.232541
1.056729
-0.042877
1.096172
-0.458806
-1.266776
-1.347298
-1.442800
-0.523123
-0.752529
0.865471
0.494399
1.320964
0.777684
0.546703
0.093463
0.396191
0.983743
-0.953308
-0.094976
-0.073050
0.509154
-0.122729
-0.100626
0.584173
0.810282
0.110337
0.245865
-1.071137
-0.975574
-2.250842
-0.652515
-1.352393
-1.365755
-0.095718
1.266914
1.626572
0.961070
-1.385741
-1.156327
-1.107903
-1.191921
-0.810152
-0.255457
-0.542060
-0.738869
-1.104822
-1.639453
-0.497637
-0.248998
-0.230951
-0.401134
0.385140
0.156117
-0.960015
-0.981193
-0.633094
-1.868229
-1.155537
-0.496835
-0.064390
-0.713375
1.194966
0.428484
0.069014
-0.246407
2.015394
1.328540
0.055914
-1.013086
-2.514273
-2.982019
-2.284615
-2.510051
-2.440434
-1.818073
-1.703159
-1.177300
-1.484189
-0.786886
-1.995386
0.036600
-1.136639
-1.995532
-0.896964
-1.255615
0.735552
1.598200
1.121359
-1.006200
-0.150341
-0.969948
-2.062708
-2.045372
-2.008154
-0.463837
1.160374
2.168817
3.025701
1.219132
0.919898
1.741204
1.282690
0.818460
1.522936
1.615733
2.156522
3.197924
2.365435
3.100440
2.867405
1.889499
1.239081
0.026782
0.046669
0.201581
0.135190
1.326122
0.402747
-0.335628
2.150705
0.471171
1.020824
0.617188
0.603128
1.014446
-0.384112
0.807200
-0.151859
-1.070070
-0.043253
0.394956
0.218863
0.533162
-1.645184
-0.691512
-1.329430
1.236754
-1.859887
-0.017832
-0.719071
0.553863
0.997509
-0.482174
-0.295030
0.385460
0.293550
-0.462063
0.985519
-0.680590
0.906810
-1.129393
0.404148
0.569982
-0.266809
-1.732705
-1.576292
-0.967014
1.347062
-1.024192
-0.623043
0.114394
0.329640
-0.317334
0.889944
0.657862
-0.445629
1.933265
-1.094015
1.277560
-0.609857
-0.900878
0.683838
1.011961
0.635894
-2.678476
1.142044
1.159836
-0.742650
2.260711
-0.968326
-0.010509
-0.267890
0.347377
-0.142393
1.747102
-0.443493
-2.924247
-0.076918
-0.139694
-0.528173
-1.137655
-2.129350
-2.171225
-1.253308
-0.298559
2.446713
2.229809
0.791652
-0.783364
0.493597
-0.165197
-1.134293
1.484722
-2.024325
-1.835773
-0.257365
-0.633620
-1.600468
0.395409
-1.125088
0.643648
-0.497107
0.370743
1.103735
2.387419
2.240047
2.707994
1.104188
0.499217
0.436375
-1.080819
-1.448467
-0.828485
0.831158
1.848183
0.764978
0.590336
0.705473
0.672753
0.925103
1.454437
1.699318
2.983792
3.508375
2.541820
2.916073
3.675607
2.996736
3.921068
5.384579
4.787251
2.709046
1.180274
0.335148
1.581330
0.142246
-0.294039
-0.034220
0.996690
0.626992
1.056189
0.115138
-0.954854
-0.366350
-0.267199
1.462095
0.539860
1.646809
1.940899
1.989339
0.169938
0.894862
1.904275
1.763070
1.002815
0.888042
-0.633704
-0.904092
-0.249851
0.954139
1.928525
0.892758
0.166500
0.514183
1.238830
2.903176
3.277593
2.977755
2.739743
0.307880
0.053335
-0.439065
0.511536
2.052894
1.252225
0.799689
-0.293047
-0.628877
0.892342
1.719814
2.744490
2.541661
3.415844
1.618563
1.931959
0.325506
0.247962
0.671234
0.921163
0.144398
0.586453
0.805454
0.304881
1.826752
1.426668
1.692012
1.035639
0.083422
-0.380397
-2.203639
-1.446282
1.206283
-1.455467
-0.690394
0.057570
-0.553077
-1.561252
1.050208
-0.263282
-0.047981
-0.843699
-0.372751
-0.323331
0.609450
1.437598
0.735972
-0.127418
-1.039596
-0.777844
0.301016
0.182685
-0.602969
0.175184
0.679875
1.224023
-1.663960
0.106845
0.899422
0.297888
0.751681
0.078084
-0.132550
0.679882
0.822626
-0.097670
-0.229473
0.046864
-0.240237
-0.315023
-2.176409
-0.782677
0.234372
-0.556393
1.093077
1.338026
0.841937
1.917338
0.185062
-2.217003
-0.390482
-0.608478
0.576258
-1.030861
0.861147
1.796085
1.690968
0.138083
1.035351
-1.126241
-0.704914
0.779599
0.364895
0.207340
-1.437705
-1.515210
0.065845
0.918483
0.167968
0.458405
2.050176
-0.983725
-1.048043
1.955918
-0.545793
1.537903
-0.354502
0.446155
0.760657
0.193608
1.461780
0.301904
0.237457
1.323765
0.495998
-1.697750
1.041877
0.242683
-1.113920
1.609845
0.238528
-0.478008
-1.126835
-0.517354
1.043608
0.224353
1.288725
-0.093655
1.797921
-0.269830
-0.375396
-0.230794
-1.007221
0.204957
-1.059967
1.795936
0.040240
-0.032706
-0.790129
-0.107986
-0.860487
-1.623508
0.956265
-0.619671
-0.157203
0.248175
0.123142
1.458718
0.660133
0.717715
0.219896
-0.171474
0.819701
-1.085928
0.650336
0.608820
-0.837722
-0.724479
-0.566739
-0.517400
-0.445227
-0.678434
-2.731932
-3.976002
-4.529559
-4.518477
-3.935334
-2.806897
-3.407317
-3.418532
-3.591203
-3.943778
-4.023812
-3.442017
-1.148494
-0.408161
-1.148209
-0.507603
-1.503234
-0.746652
-1.437470
-0.808004
-1.535607
-0.951503
0.120690
-0.513885
-0.686848
-1.359037
1.441005
2.617667
4.177416
3.659702
1.856951
1.060771
-1.104861
-0.359110
0.559311
0.174011
2.055064
2.710780
3.856491
1.272522
2.040941
2.078453
2.029691
0.172094
0.170363
-1.418588
-1.297348
-2.284902
-4.280302
-5.613413
-4.984078
-4.917345
-5.705354
-5.704283
-4.551905
-3.261655
-2.233397
-0.484601
-1.667410
-3.005180
-3.290533
-2.441518
-0.008263
0.153938
0.642648
-0.053448
0.072710
1.124647
0.129963
1.772681
2.128516
2.264902
0.441662
-1.195450
-0.435959
0.530832
0.328114
0.627923
0.460590
2.026169
-0.745694
-1.083652
0.864154
-1.345521
-0.092265
-0.538368
0.231377
0.986671
0.127199
1.171924
-0.209046
-0.063005
-1.369888
-0.037143
-0.542907
1.317750
0.003176
-0.248992
0.360965
-1.082791
-0.558544
0.167580
1.389672
-0.418019
0.156917
-0.212341
0.488797
0.579484
-1.217106
0.236721
1.576158
-0.619101
0.666286
-1.665090
0.165542
-1.225452
-1.015998
1.062513
1.220226
1.477827
0.380309
1.529768
0.147252
-0.010731
-3.282557
0.031591
-1.314899
-1.158330
-0.329618
1.431118
-0.653879
-0.642263
-1.074051
0.898222
-0.021470
-0.248400
-0.874191
-1.551092
-0.500069
-1.082070
-0.745614
-0.202041
0.323356
1.484775
-2.054248
1.825554
-0.095473
-1.658722
1.191649
-0.265504
1.151819
0.109341
-0.887598
1.723489
-1.445148
-0.189219
-1.717953
-0.149469
0.307028
-0.819903
-0.035222
1.710740
-0.241513
0.156658
2.639642
3.119860
2.333981
2.684972
1.029257
1.719461
3.180725
4.364655
1.935361
2.411584
1.858515
3.632555
4.831579
3.735284
2.721629
2.491956
2.833570
1.314415
1.698556
1.549604
0.964956
1.884151
2.189927
1.375960
0.081399
-0.382425
-1.009766
-1.471049
0.035607
0.964644
1.004713
2.628008
5.118615
5.376782
3.950526
3.414861
3.576537
2.825800
1.212441
1.495633
1.043570
0.399081
1.079887
1.555339
0.606594
1.051532
0.973443
0.751729
-0.436270
-0.181974
-0.536280
-0.155477
-2.311771
-1.673806
-1.277084
-0.179195
-0.432483
-0.837830
-0.734250
0.279120
-0.535061
-1.848136
-0.331185
-1.498953
-2.838401
-3.467403
-1.477148
-0.956447
-1.767532
-2.271532
-2.733796
-2.982741
-3.219158
-1.525643
-1.142151
0.638272
0.608484
0.608791
1.209560
1.322537
2.116115
3.903314
1.476711
0.426838
-1.391863
-0.509790
-2.277182
-2.494501
-1.986539
-1.507171
-1.928964
-1.878121
-1.066635
-1.200620
-1.365309
-2.148876
-3.437127
-0.547168
0.079069
-1.836016
-0.674267
-0.388094
0.299522
-0.062827
-0.297520
-0.704443
-1.573991
0.565118
1.538263
-0.354545
0.162382
-0.862802
-0.333835
-0.283605
-0.545614
1.124808
1.294160
-1.491629
-1.362098
-0.460811
-0.410820
0.550043
2.195791
2.831106
0.624542
0.624538
0.456079
-0.897497
0.403767
0.264764
-0.572949
0.153849
-0.231901
0.088112
0.669924
-0.786843
-0.386224
0.638906
-0.683215
0.464944
0.168866
1.176473
0.174429
-1.039954
-1.621811
-1.232149
-0.085942
-0.502750
-0.466126
1.371093
-0.094922
-2.879785
0.098299
0.560326
-0.789944
-0.171858
-1.099194
-0.236428
0.795150
-0.875407
-1.380327
-0.236410
0.409629
0.329083
-1.875640
0.292059
-2.180818
1.317998
1.044009
-1.547478
0.703636
0.692079
0.197050
0.268653
-2.230618
-1.133322
0.006954
-0.965865
-0.966141
1.661815
1.385406
-0.940496
0.526761
0.434547
-1.013661
-0.971804
-0.503221
1.321972
0.133210
1.282888
-0.723747
0.846591
-0.681899
0.726683
-1.642449
1.029583
-0.782983
-0.364027
-0.650976
0.731325
-0.594495
-0.091002
1.198715
0.894861
-0.828476
-0.419808
-1.529165
-1.996405
-1.549532
-2.134678
-1.270743
-1.233015
-1.105736
-0.940246
-0.656375
-0.513424
0.275736
1.348099
2.320620
2.281483
1.118234
1.619349
2.176034
4.147020
3.679976
2.644072
2.678827
2.947530
1.692110
0.202838
1.199729
-0.785190
-0.630510
-0.888200
-3.373118
-3.866646
-5.279671
-6.295856
-6.500428
-6.187060
-6.273716
-5.239240
-3.412835
-3.446440
-2.273782
-1.161571
1.076428
1.265965
1.697708
1.750277
0.584619
-1.489640
0.207882
0.920687
0.740620
2.425181
2.504451
0.590040
2.473954
1.734691
1.041360
0.546270
-0.676211
-0.599037
-1.178464
-1.455505
-1.883796
-0.838723
-0.562828
-1.744779
0.245784
0.845146
-0.845697
-0.697819
-0.860285
-1.965902
-1.809367
-1.039637
-0.320090
-0.496988
1.537301
1.815604
0.164217
1.655484
1.119123
0.270553
0.325516
-0.914338
0.893959
0.826395
0.045284
-0.046465
0.705694
1.164975
-0.810880
-0.520456
0.501820
0.264371
-0.397065
0.459835
-0.847098
1.479639
0.668335
0.599787
-0.460483
-0.897186
-1.272971
0.259698
0.407850
-0.282728
0.115394
0.542851
0.681505
2.252077
-0.057502
-1.691564
-0.940598
1.729185
0.963283
-0.578309
-1.011932
-1.812730
-0.854358
0.545092
-0.747255
-0.506137
-1.177074
1.056417
0.719221
-1.094444
2.604871
0.229181
0.516838
0.358863
-1.061856
-1.105885
0.980159
-0.249160
-0.729654
1.007653
0.326454
0.882702
0.428965
1.667695
1.103524
-0.392766
-0.055183
-0.350333
0.109968
0.492673
2.000717
1.247643
0.960935
1.345399
2.162781
-2.271990
-2.520392
-0.887452
-1.477175
1.174174
-2.223057
-1.323198
0.298499
0.884254
2.136440
-1.076315
0.789074
-1.073742
-0.074644
0.717867
0.600842
0.035933
-0.787141
-0.071595
-0.403080
1.600287
0.410630
-0.595272
-1.353403
-0.631887
0.919643
-1.766676
0.524389
1.480792
0.771503
-1.417247
-0.455587
-1.692356
1.191298
-0.188573
0.857800
0.446015
1.440379
0.215427
-0.229529
-0.656762
-1.224002
1.258758
-1.082984
-1.114650
1.149815
1.570758
0.287182
0.034712
-0.359222
0.713069
2.772968
3.742577
3.190520
2.267446
2.869901
2.280115
1.665448
0.321610
2.437038
2.074629
2.381138
2.775410
1.219920
1.991892
1.798993
2.243415
1.220519
1.376886
2.856239
2.927456
1.835417
0.602256
0.820058
1.440459
1.042433
1.032574
1.557429
2.086551
0.429796
-0.199935
0.881398
0.492533
-0.591118
-0.115149
0.372360
1.102891
2.172938
1.032645
2.697477
2.483454
2.722759
2.188550
0.819898
0.014028
0.090635
-0.425263
-1.228013
0.104571
0.253023
0.701854
0.129198
0.249774
-0.284821
-0.080075
-1.128511
-0.709037
0.635143
-0.868877
-0.401938
1.261597
3.384819
1.707292
0.621512
-0.648625
0.171173
-1.551033
-1.626114
-2.241714
-3.029097
-3.958236
-4.542637
-1.930145
-2.717566
-3.401447
-3.346251
-3.037637
-3.378676
-4.790706
-4.668339
-5.291588
-5.047784
-3.877817
-1.468370
-2.012759
-1.440346
-1.604527
-0.407674
-0.450268
-0.256164
0.012691
1.217572
0.935265
-1.434083
-1.870837
0.773861
-0.106967
0.213430
0.220218
-0.028484
-0.272337
0.446123
-1.308751
-0.202076
-0.937100
-1.317043
-0.321764
-0.901268
1.485719
-0.184889
0.222804
-0.394097
-0.087151
0.782703
0.726206
-0.491153
0.071733
0.815104
0.977693
-0.084543
-0.504278
0.700708
-1.014751
-1.366879
-0.080893
-0.348926
-2.282172
-1.116144
0.655580
-1.522257
-0.430362
0.281463
-1.224692
-0.026494
-0.742344
1.905869
0.138220
-0.839498
2.692716
-0.283079
-0.619572
0.513432
-0.139132
0.737933
0.050303
-0.445273
0.928362
-0.449037
0.195184
-0.923260
0.922399
2.507729
-1.366837
0.120036
-1.007852
-1.110630
1.223248
1.964362
-1.168703
1.279327
0.929923
0.367760
0.256762
1.378876
-0.003437
1.383245
1.814260
1.983965
-0.306557
-0.508293
-0.673209
0.845805
1.835552
0.889300
1.496872
1.118562
0.743979
0.390952
-0.492729
1.125029
-0.183789
0.282285
-0.195824
-0.181740
-2.319255
-1.706166
-0.793440
0.133226
-0.344800
-0.353536
-0.159073
-2.260223
-0.592966
-0.521711
0.552681
1.393793
2.438120
2.325114
-0.824515
-0.595529
-0.375600
-1.060110
-0.515886
-0.113850
-1.203908
-1.026563
0.355509
0.936145
1.376296
-0.561821
-0.056024
0.032442
-0.484287
-0.565156
-1.986262
-0.695858
0.439564
0.621045
1.009933
0.551906
-0.979172
-0.924068
-2.065146
-3.560352
-3.511231
-3.092255
-3.811096
-4.554993
-2.911922
-1.714611
-1.112937
0.001789
-0.530426
-1.088593
-0.824274
-2.707042
-4.287234
-2.423927
-1.840006
-1.036554
0.808792
0.086883
0.856173
1.663673
2.350325
2.592987
2.266182
1.830185
-0.301306
-0.138404
1.680383
2.309583
1.313438
0.593045
1.327806
1.798817
0.599226
1.612643
1.701042
2.015733
1.359645
0.142184
-0.340190
0.644125
1.124641
-0.412671
-0.868794
-0.359595
-0.796437
0.721329
1.799133
1.146082
0.187037
0.554843
0.651256
0.801809
1.169709
1.120123
1.372133
1.425252
2.563754
1.933104
2.170016
-0.931791
-1.219178
-1.381653
-2.110048
-1.776066
-3.576018
-2.305537
-1.682529
-1.565994
-0.147224
-0.558461
-1.030358
-0.846317
0.535701
-0.401823
0.204754
-1.013402
-1.558325
-0.311155
-1.312640
-1.168900
-0.818151
-0.208110
0.363671
0.062935
-1.637850
-0.093494
1.155910
0.273995
0.590751
0.556041
1.745657
0.902389
0.702410
-0.605295
-0.556448
0.423199
1.672482
0.423777
0.113613
0.648299
-0.631029
-0.303628
0.759934
0.775901
-0.746842
-2.296475
-1.026077
-1.640478
-0.144504
-1.131398
-2.076692
0.033821
1.324568
0.790784
-0.255783
1.677281
0.358397
-1.226370
-1.724424
0.488112
0.393231
-0.225393
0.079460
0.029412
-0.435288
-0.132473
0.182900
-1.386392
0.403420
0.994102
0.613273
-0.718636
-1.100370
0.379851
0.381024
-2.335641
-0.380718
-0.819452
0.719017
-1.701258
-2.051217
-1.291446
0.076134
0.341020
0.128636
-1.877094
0.019240
0.937911
-2.277817
0.177197
0.379319
0.453649
-1.361819
0.352743
1.015136
-0.912669
-1.039888
-0.511096
0.032702
-0.359566
1.341185
-0.215018
0.040420
-0.421235
